
				this.level9 = {
					"boardInfo":[[3, 2, 1, 3, 2, 3], [2, 2, 1, 1, 1, 1], [2, 1, 1, 1, 2, 1], [3, 1, 1, 3, 2, 2], [1, 2, 1, 1, 3, 2], [2, 1, 3, 2, 2, 2]],
					"MonsterPos": [[5, 1], [3, 5], [4, 1]],
					"GoalPos": [(5, 5), (4, 0), (1, 4)],
					"Swaps":5,
					"AiSolution": goes here
					}
				this.level16 = {
					"boardInfo":[[2, 1, 2, 3, 3, 3], [1, 2, 1, 2, 2, 3], [3, 2, 3, 2, 1, 1], [1, 2, 1, 2, 3, 1], [2, 1, 1, 3, 1, 2], [2, 2, 1, 1, 2, 1]],
					"MonsterPos": [[3, 1], [4, 5], [4, 1]],
					"GoalPos": [(0, 5), (3, 0), (2, 4)],
					"Swaps":6,
					"AiSolution": goes here
					}
				this.level20 = {
					"boardInfo":[[1, 3, 2, 2, 1, 2], [3, 1, 2, 1, 2, 3], [1, 2, 3, 2, 1, 1], [3, 3, 3, 1, 2, 2], [3, 1, 3, 2, 3, 1], [2, 2, 1, 1, 2, 2]],
					"MonsterPos": [[4, 2], [4, 0], [5, 5]],
					"GoalPos": [(0, 3), (2, 4), (1, 0)],
					"Swaps":7,
					"AiSolution": goes here
					}
				this.level21 = {
					"boardInfo":[[3, 2, 2, 2, 3, 2], [2, 1, 1, 3, 3, 1], [3, 2, 2, 3, 3, 1], [2, 3, 2, 3, 1, 1], [1, 1, 3, 1, 1, 3], [2, 3, 2, 3, 3, 1]],
					"MonsterPos": [[2, 1], [5, 2], [5, 1]],
					"GoalPos": [(2, 5), (0, 4), (1, 1)],
					"Swaps":6,
					"AiSolution": goes here
					}
				this.level44 = {
					"boardInfo":[[3, 2, 3, 3, 2, 1], [3, 3, 1, 3, 1, 1], [3, 2, 1, 3, 3, 2], [1, 1, 2, 3, 1, 2], [2, 2, 2, 2, 2, 3], [3, 3, 1, 2, 2, 1]],
					"MonsterPos": [[0, 5], [1, 1], [4, 5]],
					"GoalPos": [(1, 1), (4, 0), (5, 5)],
					"Swaps":5,
					"AiSolution": goes here
					}
				this.level47 = {
					"boardInfo":[[1, 3, 1, 2, 3, 2], [3, 1, 3, 1, 1, 2], [2, 3, 1, 2, 2, 3], [1, 2, 2, 3, 3, 2], [3, 3, 2, 1, 2, 1], [1, 1, 1, 1, 3, 3]],
					"MonsterPos": [[2, 4], [1, 2], [5, 0]],
					"GoalPos": [(1, 3), (5, 4), (2, 2)],
					"Swaps":6,
					"AiSolution": goes here
					}
				this.level84 = {
					"boardInfo":[[1, 1, 1, 2, 2, 2], [2, 3, 3, 2, 3, 3], [1, 2, 1, 3, 2, 3], [3, 1, 1, 2, 3, 3], [2, 2, 1, 1, 1, 2], [3, 2, 2, 2, 1, 1]],
					"MonsterPos": [[3, 4], [5, 5], [1, 5]],
					"GoalPos": [(1, 2), (3, 2), (5, 0)],
					"Swaps":5,
					"AiSolution": goes here
					}
				this.level87 = {
					"boardInfo":[[3, 1, 3, 2, 2, 2], [1, 2, 2, 1, 1, 2], [2, 2, 3, 1, 1, 3], [3, 1, 3, 1, 3, 2], [2, 2, 3, 3, 2, 3], [2, 3, 3, 2, 3, 1]],
					"MonsterPos": [[1, 3], [3, 4], [3, 1]],
					"GoalPos": [(5, 5), (2, 3), (0, 5)],
					"Swaps":5,
					"AiSolution": goes here
					}
				this.level89 = {
					"boardInfo":[[3, 3, 1, 2, 2, 2], [1, 3, 1, 1, 2, 3], [3, 1, 1, 2, 3, 2], [3, 2, 2, 1, 2, 3], [2, 1, 3, 2, 3, 3], [2, 2, 3, 3, 1, 1]],
					"MonsterPos": [[4, 3], [0, 3], [0, 3]],
					"GoalPos": [(0, 4), (4, 0), (3, 5)],
					"Swaps":6,
					"AiSolution": goes here
					}
				this.level94 = {
					"boardInfo":[[3, 3, 2, 3, 3, 3], [1, 2, 3, 1, 3, 2], [3, 1, 3, 3, 2, 1], [1, 1, 2, 2, 2, 3], [3, 2, 3, 1, 1, 3], [2, 2, 3, 2, 3, 3]],
					"MonsterPos": [[2, 5], [0, 0], [1, 3]],
					"GoalPos": [(5, 1), (4, 2), (3, 5)],
					"Swaps":6,
					"AiSolution": goes here
					}
				this.level101 = {
					"boardInfo":[[1, 1, 3, 2, 1, 2], [2, 1, 3, 3, 1, 3], [1, 1, 2, 1, 1, 1], [1, 2, 2, 2, 1, 1], [3, 1, 2, 1, 1, 3], [3, 2, 3, 1, 2, 2]],
					"MonsterPos": [[1, 1], [4, 4], [3, 0]],
					"GoalPos": [(4, 3), (4, 0), (0, 3)],
					"Swaps":5,
					"AiSolution": goes here
					}
				this.level112 = {
					"boardInfo":[[2, 2, 3, 3, 3, 2], [3, 2, 2, 1, 1, 1], [2, 3, 2, 3, 1, 1], [3, 2, 3, 1, 1, 1], [2, 3, 3, 2, 3, 3], [2, 1, 1, 3, 3, 2]],
					"MonsterPos": [[1, 2], [2, 3], [1, 1]],
					"GoalPos": [(1, 4), (3, 1), (5, 5)],
					"Swaps":5,
					"AiSolution": goes here
					}
				this.level123 = {
					"boardInfo":[[3, 1, 2, 3, 1, 2], [1, 3, 3, 3, 3, 1], [3, 1, 2, 2, 3, 2], [1, 3, 3, 3, 2, 2], [2, 2, 1, 1, 3, 1], [2, 3, 3, 3, 1, 1]],
					"MonsterPos": [[3, 4], [3, 1], [1, 0]],
					"GoalPos": [(5, 3), (1, 0), (3, 2)],
					"Swaps":5,
					"AiSolution": goes here
					}
				this.level124 = {
					"boardInfo":[[3, 1, 3, 1, 1, 2], [2, 2, 2, 3, 1, 3], [2, 3, 2, 3, 2, 3], [3, 3, 1, 3, 1, 3], [3, 1, 1, 3, 2, 1], [2, 3, 2, 1, 2, 2]],
					"MonsterPos": [[4, 4], [4, 1], [2, 4]],
					"GoalPos": [(2, 1), (1, 0), (0, 1)],
					"Swaps":5,
					"AiSolution": goes here
					}
				this.level135 = {
					"boardInfo":[[1, 2, 1, 2, 3, 2], [2, 2, 3, 1, 3, 3], [2, 3, 1, 3, 2, 2], [2, 3, 3, 2, 3, 1], [1, 1, 3, 3, 2, 3], [3, 2, 2, 1, 2, 1]],
					"MonsterPos": [[2, 3], [1, 4], [5, 2]],
					"GoalPos": [(4, 4), (3, 3), (0, 5)],
					"Swaps":6,
					"AiSolution": goes here
					}
				this.level141 = {
					"boardInfo":[[2, 3, 3, 3, 2, 3], [1, 1, 2, 2, 3, 1], [3, 2, 2, 1, 1, 1], [1, 3, 1, 1, 1, 2], [2, 3, 2, 1, 1, 2], [1, 3, 2, 2, 3, 2]],
					"MonsterPos": [[3, 5], [2, 3], [5, 5]],
					"GoalPos": [(0, 0), (5, 2), (1, 1)],
					"Swaps":5,
					"AiSolution": goes here
					}
				this.level148 = {
					"boardInfo":[[1, 1, 3, 3, 2, 1], [3, 2, 3, 3, 1, 3], [3, 2, 2, 3, 2, 1], [1, 2, 3, 1, 1, 2], [2, 3, 3, 3, 1, 2], [2, 1, 2, 2, 3, 2]],
					"MonsterPos": [[4, 5], [4, 1], [1, 0]],
					"GoalPos": [(1, 4), (5, 3), (4, 5)],
					"Swaps":5,
					"AiSolution": goes here
					}
				this.level154 = {
					"boardInfo":[[1, 3, 3, 1, 3, 1], [1, 1, 3, 2, 2, 3], [3, 2, 3, 2, 1, 1], [1, 3, 1, 2, 2, 2], [1, 2, 2, 1, 2, 2], [1, 3, 2, 2, 1, 2]],
					"MonsterPos": [[1, 1], [4, 5], [3, 1]],
					"GoalPos": [(0, 4), (0, 3), (2, 5)],
					"Swaps":5,
					"AiSolution": goes here
					}
				this.level156 = {
					"boardInfo":[[1, 1, 1, 3, 2, 1], [2, 3, 1, 3, 3, 3], [2, 2, 2, 2, 3, 3], [2, 2, 3, 1, 2, 1], [3, 1, 1, 3, 1, 2], [1, 2, 3, 3, 2, 3]],
					"MonsterPos": [[3, 5], [2, 4], [0, 2]],
					"GoalPos": [(4, 0), (5, 3), (1, 1)],
					"Swaps":5,
					"AiSolution": goes here
					}
				this.level157 = {
					"boardInfo":[[3, 3, 3, 3, 2, 3], [3, 3, 2, 1, 2, 2], [3, 2, 1, 3, 1, 2], [2, 1, 1, 3, 2, 2], [3, 2, 2, 2, 1, 3], [1, 2, 2, 3, 1, 1]],
					"MonsterPos": [[1, 3], [1, 0], [4, 5]],
					"GoalPos": [(4, 5), (2, 4), (3, 0)],
					"Swaps":6,
					"AiSolution": goes here
					}
				this.level167 = {
					"boardInfo":[[1, 1, 2, 1, 3, 2], [1, 3, 3, 3, 3, 2], [2, 2, 1, 3, 1, 3], [1, 3, 1, 2, 2, 1], [1, 2, 2, 1, 3, 3], [2, 2, 2, 3, 1, 3]],
					"MonsterPos": [[3, 0], [4, 4], [5, 3]],
					"GoalPos": [(3, 5), (2, 1), (0, 2)],
					"Swaps":6,
					"AiSolution": goes here
					}
				this.level177 = {
					"boardInfo":[[1, 2, 1, 3, 1, 1], [1, 3, 2, 2, 2, 3], [3, 3, 2, 3, 3, 3], [3, 3, 2, 2, 2, 1], [1, 2, 2, 2, 1, 3], [2, 1, 3, 1, 2, 3]],
					"MonsterPos": [[1, 5], [0, 0], [1, 1]],
					"GoalPos": [(0, 1), (2, 4), (0, 3)],
					"Swaps":5,
					"AiSolution": goes here
					}
				this.level181 = {
					"boardInfo":[[2, 3, 1, 1, 3, 1], [3, 3, 3, 3, 1, 2], [3, 3, 2, 1, 2, 2], [1, 1, 2, 1, 2, 2], [2, 3, 1, 1, 2, 3], [3, 1, 3, 2, 1, 2]],
					"MonsterPos": [[5, 0], [5, 0], [3, 4]],
					"GoalPos": [(1, 2), (2, 5), (4, 0)],
					"Swaps":6,
					"AiSolution": goes here
					}
				this.level195 = {
					"boardInfo":[[2, 3, 3, 3, 2, 1], [3, 2, 2, 1, 1, 1], [2, 2, 3, 3, 1, 3], [1, 2, 3, 1, 1, 1], [2, 3, 3, 1, 1, 1], [1, 2, 1, 3, 3, 2]],
					"MonsterPos": [[5, 1], [1, 5], [3, 3]],
					"GoalPos": [(0, 3), (5, 1), (4, 1)],
					"Swaps":5,
					"AiSolution": goes here
					}
				this.level235 = {
					"boardInfo":[[1, 1, 2, 3, 2, 1], [2, 3, 2, 1, 2, 2], [2, 2, 2, 1, 2, 3], [2, 3, 2, 3, 1, 2], [1, 3, 1, 3, 3, 1], [1, 1, 3, 2, 3, 1]],
					"MonsterPos": [[1, 0], [3, 3], [2, 4]],
					"GoalPos": [(3, 4), (2, 5), (1, 5)],
					"Swaps":5,
					"AiSolution": goes here
					}
				this.level246 = {
					"boardInfo":[[1, 1, 1, 1, 1, 3], [3, 3, 1, 1, 2, 2], [1, 1, 3, 2, 3, 2], [2, 2, 2, 3, 1, 3], [1, 3, 1, 3, 3, 2], [3, 1, 2, 2, 3, 1]],
					"MonsterPos": [[1, 5], [2, 4], [1, 3]],
					"GoalPos": [(4, 0), (0, 2), (5, 1)],
					"Swaps":7,
					"AiSolution": goes here
					}
				this.level266 = {
					"boardInfo":[[3, 1, 3, 3, 1, 2], [3, 2, 3, 2, 1, 1], [2, 1, 1, 2, 2, 3], [2, 1, 2, 1, 1, 3], [3, 3, 1, 1, 2, 3], [3, 1, 3, 1, 2, 1]],
					"MonsterPos": [[5, 3], [4, 4], [4, 3]],
					"GoalPos": [(2, 0), (1, 0), (5, 2)],
					"Swaps":6,
					"AiSolution": goes here
					}
				this.level268 = {
					"boardInfo":[[2, 1, 1, 3, 1, 2], [2, 2, 1, 3, 2, 2], [3, 3, 2, 2, 3, 1], [3, 3, 2, 3, 3, 3], [3, 3, 1, 1, 1, 2], [2, 1, 2, 1, 2, 3]],
					"MonsterPos": [[4, 3], [1, 0], [5, 4]],
					"GoalPos": [(3, 3), (4, 3), (1, 2)],
					"Swaps":5,
					"AiSolution": goes here
					}
				this.level288 = {
					"boardInfo":[[2, 3, 3, 1, 2, 1], [2, 2, 2, 1, 2, 1], [3, 3, 2, 2, 3, 3], [2, 2, 3, 2, 1, 1], [1, 3, 1, 1, 2, 3], [3, 1, 3, 2, 2, 3]],
					"MonsterPos": [[4, 0], [1, 2], [2, 1]],
					"GoalPos": [(5, 2), (3, 2), (4, 4)],
					"Swaps":6,
					"AiSolution": goes here
					}
				this.level304 = {
					"boardInfo":[[1, 1, 1, 3, 1, 2], [1, 3, 3, 2, 2, 2], [3, 1, 2, 2, 2, 2], [1, 1, 2, 1, 2, 1], [2, 3, 3, 2, 3, 2], [1, 2, 1, 2, 2, 3]],
					"MonsterPos": [[3, 5], [4, 5], [2, 2]],
					"GoalPos": [(5, 4), (2, 0), (4, 0)],
					"Swaps":6,
					"AiSolution": goes here
					}
				this.level311 = {
					"boardInfo":[[3, 1, 2, 2, 3, 3], [3, 2, 3, 2, 2, 3], [3, 3, 2, 1, 3, 1], [3, 3, 3, 1, 3, 1], [3, 2, 3, 3, 1, 1], [1, 3, 2, 1, 1, 2]],
					"MonsterPos": [[2, 3], [3, 3], [5, 4]],
					"GoalPos": [(4, 1), (5, 1), (3, 1)],
					"Swaps":5,
					"AiSolution": goes here
					}
				this.level326 = {
					"boardInfo":[[1, 3, 2, 3, 2, 3], [1, 3, 3, 2, 1, 1], [3, 2, 1, 2, 2, 1], [1, 1, 2, 2, 2, 1], [1, 3, 1, 1, 2, 3], [2, 1, 1, 3, 2, 2]],
					"MonsterPos": [[4, 2], [2, 3], [4, 5]],
					"GoalPos": [(3, 5), (5, 1), (0, 2)],
					"Swaps":5,
					"AiSolution": goes here
					}
				this.level330 = {
					"boardInfo":[[2, 3, 3, 1, 3, 3], [3, 3, 1, 1, 1, 2], [1, 1, 3, 2, 3, 1], [2, 2, 3, 1, 3, 1], [2, 3, 1, 3, 1, 3], [1, 1, 3, 1, 1, 2]],
					"MonsterPos": [[4, 0], [0, 1], [4, 3]],
					"GoalPos": [(2, 4), (5, 2), (1, 5)],
					"Swaps":7,
					"AiSolution": goes here
					}
				this.level351 = {
					"boardInfo":[[2, 1, 3, 2, 2, 1], [2, 2, 3, 1, 3, 1], [2, 3, 1, 1, 3, 2], [1, 2, 3, 1, 2, 3], [1, 3, 3, 2, 1, 1], [1, 2, 2, 1, 3, 3]],
					"MonsterPos": [[5, 0], [2, 4], [1, 2]],
					"GoalPos": [(1, 2), (5, 1), (5, 4)],
					"Swaps":6,
					"AiSolution": goes here
					}
				this.level367 = {
					"boardInfo":[[3, 1, 2, 2, 2, 1], [3, 3, 1, 1, 3, 2], [2, 3, 1, 3, 1, 2], [3, 3, 1, 3, 3, 3], [2, 2, 3, 3, 2, 3], [3, 2, 3, 3, 2, 2]],
					"MonsterPos": [[5, 3], [2, 0], [2, 3]],
					"GoalPos": [(4, 4), (1, 5), (0, 2)],
					"Swaps":5,
					"AiSolution": goes here
					}
				this.level380 = {
					"boardInfo":[[3, 3, 1, 3, 3, 3], [2, 2, 1, 1, 1, 3], [3, 2, 2, 2, 3, 2], [1, 3, 3, 2, 2, 1], [2, 2, 1, 3, 1, 2], [3, 1, 3, 2, 2, 3]],
					"MonsterPos": [[3, 1], [2, 2], [3, 2]],
					"GoalPos": [(4, 4), (1, 5), (5, 3)],
					"Swaps":5,
					"AiSolution": goes here
					}
				this.level390 = {
					"boardInfo":[[1, 1, 2, 3, 1, 2], [1, 3, 3, 2, 2, 1], [3, 2, 1, 2, 2, 1], [1, 3, 1, 3, 1, 1], [2, 2, 2, 2, 1, 2], [2, 2, 2, 1, 2, 3]],
					"MonsterPos": [[0, 1], [0, 5], [5, 4]],
					"GoalPos": [(2, 4), (3, 1), (2, 2)],
					"Swaps":6,
					"AiSolution": goes here
					}
				this.level399 = {
					"boardInfo":[[2, 1, 1, 3, 1, 2], [1, 3, 2, 3, 3, 3], [1, 3, 3, 1, 2, 2], [3, 2, 3, 3, 2, 2], [1, 1, 1, 1, 1, 2], [2, 1, 1, 3, 3, 2]],
					"MonsterPos": [[5, 5], [3, 4], [3, 0]],
					"GoalPos": [(0, 4), (4, 5), (0, 2)],
					"Swaps":5,
					"AiSolution": goes here
					}
				this.level402 = {
					"boardInfo":[[1, 2, 2, 2, 2, 2], [3, 2, 3, 3, 3, 1], [2, 3, 1, 2, 1, 1], [3, 2, 2, 1, 1, 3], [1, 1, 2, 2, 2, 3], [1, 3, 3, 3, 3, 2]],
					"MonsterPos": [[5, 5], [1, 2], [0, 1]],
					"GoalPos": [(3, 1), (1, 3), (4, 1)],
					"Swaps":6,
					"AiSolution": goes here
					}
				this.level409 = {
					"boardInfo":[[2, 1, 2, 3, 2, 1], [2, 3, 3, 1, 1, 1], [1, 1, 1, 2, 1, 1], [3, 3, 2, 3, 3, 3], [2, 2, 2, 3, 1, 3], [2, 3, 1, 3, 1, 3]],
					"MonsterPos": [[5, 3], [4, 2], [1, 0]],
					"GoalPos": [(1, 0), (5, 5), (3, 5)],
					"Swaps":5,
					"AiSolution": goes here
					}
				this.level413 = {
					"boardInfo":[[2, 2, 1, 3, 1, 1], [3, 1, 1, 1, 1, 2], [2, 2, 2, 3, 2, 2], [2, 2, 2, 2, 3, 3], [2, 3, 3, 3, 2, 2], [2, 3, 1, 3, 2, 2]],
					"MonsterPos": [[4, 0], [5, 0], [2, 1]],
					"GoalPos": [(0, 1), (4, 5), (4, 0)],
					"Swaps":5,
					"AiSolution": goes here
					}
				this.level439 = {
					"boardInfo":[[1, 1, 3, 2, 2, 2], [2, 2, 3, 1, 2, 1], [3, 3, 1, 2, 3, 2], [1, 3, 1, 1, 2, 2], [2, 3, 1, 2, 2, 3], [1, 2, 1, 1, 2, 3]],
					"MonsterPos": [[1, 4], [1, 1], [1, 3]],
					"GoalPos": [(4, 2), (5, 0), (3, 3)],
					"Swaps":5,
					"AiSolution": goes here
					}
				this.level440 = {
					"boardInfo":[[3, 3, 3, 3, 2, 1], [1, 2, 3, 1, 1, 2], [2, 1, 1, 3, 1, 3], [1, 1, 1, 2, 3, 2], [3, 2, 3, 1, 1, 1], [1, 2, 2, 1, 2, 3]],
					"MonsterPos": [[3, 3], [3, 1], [4, 1]],
					"GoalPos": [(4, 0), (5, 3), (2, 5)],
					"Swaps":5,
					"AiSolution": goes here
					}
				this.level444 = {
					"boardInfo":[[1, 3, 1, 2, 1, 2], [1, 1, 1, 2, 1, 3], [1, 1, 2, 1, 3, 2], [3, 1, 2, 2, 1, 2], [1, 2, 1, 3, 3, 2], [2, 1, 3, 2, 3, 1]],
					"MonsterPos": [[5, 4], [4, 1], [1, 5]],
					"GoalPos": [(3, 0), (5, 3), (5, 1)],
					"Swaps":7,
					"AiSolution": goes here
					}
				this.level450 = {
					"boardInfo":[[3, 2, 1, 1, 1, 2], [1, 2, 1, 1, 3, 3], [3, 1, 2, 2, 2, 3], [3, 2, 1, 1, 1, 2], [2, 1, 3, 3, 1, 1], [3, 2, 3, 1, 2, 1]],
					"MonsterPos": [[5, 3], [0, 2], [0, 0]],
					"GoalPos": [(2, 1), (3, 4), (1, 3)],
					"Swaps":6,
					"AiSolution": goes here
					}
				this.level453 = {
					"boardInfo":[[2, 3, 1, 3, 2, 2], [2, 1, 2, 1, 3, 1], [1, 3, 2, 1, 1, 3], [2, 3, 3, 1, 2, 3], [2, 3, 1, 2, 3, 2], [2, 3, 1, 1, 2, 3]],
					"MonsterPos": [[0, 2], [2, 2], [4, 2]],
					"GoalPos": [(5, 0), (3, 4), (1, 5)],
					"Swaps":6,
					"AiSolution": goes here
					}
				this.level454 = {
					"boardInfo":[[2, 1, 2, 3, 2, 2], [3, 2, 3, 3, 3, 3], [2, 3, 3, 3, 2, 1], [1, 3, 2, 3, 2, 1], [2, 2, 2, 1, 2, 3], [2, 1, 3, 2, 3, 3]],
					"MonsterPos": [[5, 0], [4, 1], [3, 1]],
					"GoalPos": [(1, 0), (0, 0), (0, 2)],
					"Swaps":5,
					"AiSolution": goes here
					}
				this.level456 = {
					"boardInfo":[[1, 1, 3, 2, 3, 2], [3, 3, 1, 2, 3, 2], [1, 3, 2, 1, 1, 1], [2, 1, 2, 1, 2, 1], [1, 2, 1, 1, 2, 1], [2, 3, 3, 3, 1, 2]],
					"MonsterPos": [[5, 4], [2, 5], [2, 4]],
					"GoalPos": [(1, 2), (4, 0), (2, 1)],
					"Swaps":6,
					"AiSolution": goes here
					}
				this.level479 = {
					"boardInfo":[[3, 3, 3, 3, 2, 2], [1, 2, 1, 2, 2, 2], [2, 2, 1, 1, 3, 2], [2, 1, 1, 2, 1, 2], [3, 1, 2, 1, 2, 2], [1, 2, 1, 2, 1, 2]],
					"MonsterPos": [[3, 4], [4, 0], [5, 5]],
					"GoalPos": [(0, 5), (2, 4), (4, 2)],
					"Swaps":5,
					"AiSolution": goes here
					}
				this.level485 = {
					"boardInfo":[[3, 1, 2, 2, 2, 1], [1, 1, 1, 1, 3, 3], [3, 1, 1, 1, 2, 2], [3, 2, 1, 3, 3, 3], [2, 3, 3, 2, 2, 2], [2, 2, 2, 3, 1, 3]],
					"MonsterPos": [[3, 5], [2, 4], [3, 4]],
					"GoalPos": [(4, 1), (2, 0), (4, 0)],
					"Swaps":5,
					"AiSolution": goes here
					}
				this.level0 = {
					"boardInfo":[[2, 3, 2, 2, 2, 2], [3, 1, 2, 3, 2, 1], [1, 2, 3, 1, 3, 3], [3, 3, 3, 3, 3, 3], [2, 3, 1, 1, 3, 3], [1, 3, 2, 1, 3, 3]],
					"MonsterPos": [[2, 0], [4, 1], [4, 2]],
					"GoalPos": [(0, 4), (0, 3), (1, 0)],
					"Swaps":5,
					"AiSolution": goes here
					}
				this.level15 = {
					"boardInfo":[[2, 3, 1, 1, 2, 1], [1, 3, 2, 3, 1, 2], [1, 2, 3, 3, 3, 1], [3, 1, 1, 3, 1, 2], [2, 2, 3, 3, 1, 2], [2, 2, 1, 3, 1, 1]],
					"MonsterPos": [[4, 4], [2, 4], [2, 3]],
					"GoalPos": [(3, 1), (1, 0), (4, 5)],
					"Swaps":5,
					"AiSolution": [[1, 'u'], [3, 'd'], [3, 'd'], [3, 'd'], [[3, 1], 's'], [1, 'l'], [1, 'd'], [1, 'l'], [3, 'r'], [3, 'u'], [[2, 1], 's'], [1, 'l'], [1, 'l'], [2, 'l'], [2, 'l'], [[1, 2], 's'], [1, 'u'], [2, 'l'], [[2, 3], 's'], [2, 'l'], [2, 'u'], [3, 'r'], [[1, 2], 's'], [1, 'r']]
					}
				this.level21 = {
					"boardInfo":[[2, 2, 3, 1, 1, 2], [1, 3, 1, 2, 1, 2], [3, 2, 3, 2, 1, 2], [1, 1, 1, 2, 1, 2], [2, 3, 3, 3, 2, 2], [1, 1, 1, 2, 1, 2]],
					"MonsterPos": [[5, 4], [4, 5], [2, 1]],
					"GoalPos": [(3, 1), (2, 2), (1, 2)],
					"Swaps":5,
					"AiSolution": [[2, 'u'], [2, 'u'], [3, 'u'], [[2, 1], 's'], [1, 'u'], [2, 'l'], [[1, 3], 's'], [1, 'l'], [1, 'l'], [1, 'l'], [[3, 2], 's'], [2, 'l'], [3, 'r'], [[2, 1], 's'], [2, 'l'], [[1, 3], 's'], [1, 'u']]
					}
				this.level45 = {
					"boardInfo":[[2, 1, 1, 1, 1, 3], [3, 2, 1, 1, 3, 3], [2, 2, 1, 2, 2, 1], [1, 2, 2, 1, 3, 2], [3, 3, 3, 1, 3, 2], [2, 3, 2, 3, 1, 1]],
					"MonsterPos": [[1, 4], [0, 2], [0, 4]],
					"GoalPos": [(3, 0), (5, 2), (0, 3)],
					"Swaps":5,
					"AiSolution": [[1, 'u'], [1, 'l'], [1, 'l'], [1, 'l'], [[2, 1], 's'], 'sad', [2, 'd'], [2, 'd'], [[1, 2], 's'], [2, 'd'], [[2, 3], 's'], [1, 'd'], [2, 'd'], [[3, 1], 's'], [3, 'l'], [[1, 2], 's'], [2, 'd']]
					}
				this.level48 = {
					"boardInfo":[[1, 2, 2, 1, 1, 1], [3, 1, 1, 2, 1, 3], [2, 1, 2, 2, 3, 1], [1, 3, 2, 3, 3, 1], [3, 1, 3, 1, 1, 1], [2, 1, 1, 2, 1, 1]],
					"MonsterPos": [[2, 1], [0, 2], [5, 5]],
					"GoalPos": [(1, 4), (3, 3), (1, 0)],
					"Swaps":6,
					"AiSolution": [[1, 'u'], [1, 'r'], [[1, 2], 's'], [1, 'r'], 'sad', [[2, 3], 's'], [2, 'd'], [2, 'd'], [2, 'l'], [3, 'u'], [3, 'u'], [3, 'u'], [[3, 2], 's'], [3, 'l'], [[1, 3], 's'], [3, 'l'], [3, 'l'], [[2, 3], 's'], [3, 'u'], [3, 'l'], [[3, 1], 's'], [1, 'r'], [3, 'l']]
					}
				this.level51 = {
					"boardInfo":[[3, 2, 3, 3, 3, 2], [3, 2, 3, 3, 3, 3], [2, 1, 3, 3, 2, 3], [1, 2, 1, 1, 3, 1], [1, 2, 3, 3, 2, 1], [1, 1, 1, 2, 3, 3]],
					"MonsterPos": [[5, 0], [2, 1], [3, 5]],
					"GoalPos": [(2, 4), (0, 4), (4, 1)],
					"Swaps":5,
					"AiSolution": [[1, 'r'], [1, 'r'], [2, 'u'], [2, 'u'], [3, 'u'], [3, 'u'], [3, 'l'], [3, 'l'], [3, 'd'], [3, 'l'], [[3, 1], 's'], [1, 'u'], [1, 'r'], [3, 'l'], [[1, 2], 's'], [2, 'r'], [2, 'r'], [[1, 3], 's'], [1, 'u'], [2, 'r'], [3, 'd'], [[2, 1], 's'], [1, 'u'], [1, 'u'], [1, 'r'], [3, 'd'], [[1, 3], 's'], [1, 'd']]
					}
				this.level67 = {
					"boardInfo":[[3, 3, 2, 3, 2, 1], [2, 2, 3, 2, 1, 1], [2, 1, 1, 3, 1, 2], [2, 3, 2, 2, 2, 2], [3, 1, 3, 3, 2, 3], [1, 3, 1, 3, 1, 2]],
					"MonsterPos": [[5, 5], [2, 3], [4, 5]],
					"GoalPos": [(1, 1), (5, 1), (2, 1)],
					"Swaps":6,
					"AiSolution": [[1, 'l'], [2, 'd'], [2, 'r'], [2, 'd'], [[3, 2], 's'], [2, 'l'], [2, 'd'], [3, 'u'], [3, 'l'], [3, 'l'], [3, 'l'], [[3, 1], 's'], [2, 'u'], [2, 'l'], [3, 'u'], [3, 'l'], [[2, 3], 's'], [1, 'u'], [1, 'u'], [1, 'l'], [1, 'l'], [2, 'l'], [[3, 1], 's'], [1, 'l'], [[1, 3], 's'], 'sad', [[3, 2], 's'], [2, 'd']]
					}
				this.level73 = {
					"boardInfo":[[3, 1, 2, 2, 3, 3], [2, 2, 3, 3, 2, 2], [1, 1, 2, 1, 3, 1], [3, 1, 2, 3, 3, 1], [3, 1, 3, 1, 3, 1], [2, 1, 2, 3, 1, 1]],
					"MonsterPos": [[2, 5], [2, 3], [5, 4]],
					"GoalPos": [(0, 1), (3, 3), (1, 5)],
					"Swaps":5,
					"AiSolution": [[3, 'u'], [3, 'u'], [3, 'u'], [[1, 2], 's'], [1, 'u'], [1, 'l'], [[3, 1], 's'], [1, 'l'], [1, 'l'], [3, 'u'], [3, 'r'], [[1, 3], 's'], [1, 'u'], [[3, 2], 's'], [2, 'd'], [[3, 1], 's'], [1, 'l']]
					}
				this.level75 = {
					"boardInfo":[[1, 1, 1, 2, 3, 3], [3, 3, 1, 2, 2, 2], [2, 3, 1, 3, 2, 3], [2, 2, 1, 2, 3, 1], [3, 1, 2, 3, 3, 2], [2, 1, 2, 3, 3, 3]],
					"MonsterPos": [[5, 3], [4, 5], [0, 3]],
					"GoalPos": [(3, 2), (1, 2), (2, 2)],
					"Swaps":5,
					"AiSolution": [[[2, 3], 's'], [2, 'l'], [2, 'u'], [3, 'd'], [[1, 3], 's'], [1, 'l'], [1, 'u'], [3, 'l'], [[1, 2], 's'], [2, 'u'], [2, 'u'], [2, 'l'], [3, 'd'], [[3, 1], 's'], [1, 'u'], [[1, 2], 's'], [2, 'l']]
					}
				this.level77 = {
					"boardInfo":[[3, 1, 3, 3, 2, 1], [1, 2, 1, 3, 2, 2], [1, 3, 3, 3, 1, 1], [2, 1, 2, 2, 3, 3], [3, 3, 2, 3, 1, 3], [1, 1, 1, 1, 1, 3]],
					"MonsterPos": [[0, 4], [5, 5], [4, 1]],
					"GoalPos": [(4, 3), (1, 0), (2, 0)],
					"Swaps":6,
					"AiSolution": [[3, 'l'], [[3, 2], 's'], [2, 'u'], [2, 'u'], [2, 'l'], [3, 'u'], [[2, 1], 's'], [1, 'l'], [1, 'd'], [1, 'd'], [1, 'l'], [1, 'l'], [2, 'u'], [[1, 2], 's'], [1, 'd'], [2, 'l'], [2, 'u'], [2, 'u'], [2, 'l'], [[1, 3], 's'], [1, 'r'], [1, 'r'], [2, 'r'], [2, 'd'], [2, 'd'], [2, 'l'], [2, 'l'], [3, 'u'], [3, 'u'], [[2, 1], 's'], [1, 'd'], [2, 'u'], [3, 'd'], [[3, 2], 's'], [2, 'l']]
					}
				this.level81 = {
					"boardInfo":[[3, 2, 2, 2, 2, 3], [3, 1, 1, 1, 1, 3], [2, 1, 3, 1, 3, 1], [1, 3, 3, 2, 3, 1], [3, 1, 2, 3, 3, 3], [2, 1, 2, 2, 2, 1]],
					"MonsterPos": [[3, 5], [1, 1], [5, 4]],
					"GoalPos": [(2, 3), (3, 2), (4, 0)],
					"Swaps":5,
					"AiSolution": [[1, 'u'], [2, 'u'], [2, 'r'], [3, 'u'], [3, 'u'], [3, 'u'], [[3, 1], 's'], 'sad', [[2, 3], 's'], [1, 'l'], [2, 'd'], [3, 'l'], [[1, 2], 's'], [1, 'l'], [2, 'd'], [[3, 1], 's'], [2, 'd'], [3, 'd'], [[2, 3], 's'], [3, 'd']]
					}
				this.level89 = {
					"boardInfo":[[1, 1, 3, 3, 2, 2], [2, 2, 1, 2, 1, 1], [2, 1, 3, 2, 2, 2], [1, 1, 2, 1, 1, 2], [1, 3, 1, 2, 3, 1], [2, 2, 3, 3, 3, 1]],
					"MonsterPos": [[0, 1], [3, 5], [5, 3]],
					"GoalPos": [(4, 4), (3, 1), (0, 4)],
					"Swaps":6,
					"AiSolution": [[2, 'u'], [2, 'l'], [2, 'l'], [3, 'r'], [3, 'u'], [[1, 3], 's'], [1, 'r'], [1, 'r'], [3, 'u'], [[3, 2], 's'], [2, 'd'], [3, 'u'], [[2, 3], 's'], [2, 'l'], [3, 'u'], [[1, 2], 's'], [1, 'd'], [1, 'd'], [1, 'r'], [[3, 1], 's'], [1, 'd'], [3, 'u'], [[1, 2], 's'], [1, 'd'], [2, 'l']]
					}
				this.level90 = {
					"boardInfo":[[3, 2, 3, 1, 1, 1], [1, 1, 2, 1, 3, 2], [1, 1, 1, 3, 3, 3], [2, 2, 1, 1, 2, 2], [3, 1, 2, 3, 1, 2], [2, 3, 2, 3, 3, 3]],
					"MonsterPos": [[4, 1], [2, 5], [1, 1]],
					"GoalPos": [(0, 2), (2, 0), (4, 0)],
					"Swaps":6,
					"AiSolution": [[2, 'd'], [2, 'l'], [[2, 1], 's'], [1, 'u'], [2, 'l'], [2, 'l'], [2, 'u'], [2, 'l'], [2, 'l'], [[3, 2], 's'], [3, 'd'], [3, 'r'], [3, 'd'], [[1, 3], 's'], [1, 'u'], [1, 'u'], [3, 'd'], [[3, 1], 's'], [1, 'u'], [3, 'l'], [[2, 1], 's'], [1, 'r'], [[1, 3], 's'], [3, 'l']]
					}
				this.level92 = {
					"boardInfo":[[3, 2, 2, 2, 2, 1], [2, 1, 2, 3, 3, 2], [3, 1, 1, 3, 2, 1], [1, 1, 2, 1, 1, 2], [1, 3, 3, 3, 3, 1], [2, 3, 1, 3, 3, 3]],
					"MonsterPos": [[5, 1], [4, 3], [0, 1]],
					"GoalPos": [(3, 3), (0, 0), (4, 5)],
					"Swaps":6,
					"AiSolution": [[1, 'r'], [[3, 2], 's'], [2, 'l'], [2, 'l'], [3, 'r'], [3, 'r'], [3, 'r'], [[2, 1], 's'], [1, 'u'], [1, 'r'], [2, 'u'], [2, 'u'], [2, 'u'], [3, 'l'], [3, 'l'], [3, 'd'], [[3, 2], 's'], [1, 'r'], [2, 'u'], [3, 'l'], [3, 'd'], [3, 'd'], [[1, 3], 's'], [1, 'u'], [1, 'l'], [3, 'd'], [3, 'r'], [3, 'r'], [3, 'r'], [[3, 1], 's'], [3, 'r'], [[1, 2], 's'], [2, 'l']]
					}
				this.level104 = {
					"boardInfo":[[2, 3, 1, 2, 1, 1], [2, 1, 2, 1, 2, 3], [3, 1, 3, 3, 3, 3], [1, 3, 3, 2, 1, 3], [3, 2, 2, 1, 2, 2], [2, 2, 3, 3, 2, 3]],
					"MonsterPos": [[4, 4], [0, 5], [2, 2]],
					"GoalPos": [(5, 2), (0, 0), (0, 2)],
					"Swaps":5,
					"AiSolution": [[1, 'l'], [[3, 1], 's'], [1, 'd'], [1, 'l'], [3, 'l'], [3, 'u'], [[2, 1], 's'], [2, 'd'], [2, 'd'], [2, 'l'], [2, 'l'], [2, 'l'], [[2, 3], 's'], [2, 'l'], [2, 'u'], [3, 'u'], [[3, 2], 's'], [2, 'u'], [3, 'r'], [[1, 2], 's'], [2, 'l']]
					}
				this.level107 = {
					"boardInfo":[[1, 3, 3, 3, 1, 3], [1, 1, 1, 1, 1, 2], [2, 3, 2, 2, 2, 1], [1, 2, 1, 1, 1, 3], [3, 3, 1, 1, 2, 3], [2, 3, 3, 2, 1, 2]],
					"MonsterPos": [[5, 3], [2, 1], [5, 4]],
					"GoalPos": [(0, 5), (3, 2), (0, 2)],
					"Swaps":6,
					"AiSolution": [[1, 'u'], [1, 'u'], [1, 'r'], [2, 'r'], [[3, 2], 's'], [3, 'u'], [[1, 3], 's'], [1, 'u'], [3, 'u'], [3, 'l'], [3, 'l'], [[3, 1], 's'], [1, 'u'], [1, 'u'], [3, 'u'], [3, 'r'], [[1, 3], 's'], [3, 'u'], [3, 'l'], [[3, 2], 's'], [2, 'd'], [3, 'u'], [[3, 1], 's'], [1, 'r']]
					}
				this.level108 = {
					"boardInfo":[[3, 3, 2, 3, 2, 2], [1, 2, 3, 2, 3, 1], [1, 1, 3, 3, 1, 2], [2, 1, 1, 2, 3, 2], [1, 3, 2, 3, 1, 1], [2, 1, 1, 2, 1, 2]],
					"MonsterPos": [[2, 4], [3, 2], [0, 5]],
					"GoalPos": [(5, 5), (0, 4), (3, 0)],
					"Swaps":8,
					"AiSolution": [[2, 'r'], [[3, 1], 's'], [1, 'd'], [3, 'd'], [[1, 3], 's'], [1, 'd'], [1, 'r'], [3, 'l'], [[3, 2], 's'], [2, 'u'], [2, 'l'], [2, 'u'], [3, 'l'], [[2, 3], 's'], [2, 'u'], [3, 'l'], [3, 'd'], [[3, 1], 's'], [3, 'l'], [3, 'l'], [[1, 2], 's'], [1, 'd'], [2, 'r'], [[2, 1], 's'], [2, 'r'], [[2, 3], 's'], [3, 'd']]
					}
				this.level112 = {
					"boardInfo":[[3, 2, 3, 3, 3, 2], [2, 1, 1, 2, 3, 2], [1, 3, 3, 1, 3, 3], [2, 1, 3, 1, 2, 2], [3, 2, 1, 3, 3, 3], [3, 2, 3, 2, 3, 2]],
					"MonsterPos": [[3, 3], [4, 1], [2, 2]],
					"GoalPos": [(3, 1), (1, 5), (3, 3)],
					"Swaps":6,
					"AiSolution": [[1, 'u'], [3, 'd'], [[2, 1], 's'], [2, 'r'], [[3, 2], 's'], [2, 'r'], [2, 'r'], [2, 'r'], [[2, 1], 's'], [1, 'l'], [1, 'l'], [2, 'u'], [[1, 2], 's'], [2, 'u'], [2, 'l'], [2, 'u'], [3, 'r'], [[2, 1], 's'], [2, 'r'], [[1, 3], 's'], [1, 'd']]
					}
				this.level139 = {
					"boardInfo":[[2, 3, 2, 3, 2, 1], [3, 1, 3, 1, 3, 2], [1, 2, 2, 3, 2, 2], [2, 2, 3, 2, 1, 3], [2, 3, 1, 1, 3, 3], [3, 2, 1, 3, 1, 1]],
					"MonsterPos": [[3, 2], [1, 4], [4, 1]],
					"GoalPos": [(0, 2), (1, 3), (5, 5)],
					"Swaps":6,
					"AiSolution": [[2, 'u'], [[2, 3], 's'], [2, 'l'], [3, 'd'], [[3, 1], 's'], [1, 'u'], [3, 'r'], [3, 'u'], [3, 'r'], [[2, 3], 's'], [3, 'r'], [3, 'r'], [[1, 3], 's'], [1, 'u'], [2, 'd'], [[3, 1], 's'], [1, 'u'], [[3, 2], 's'], [3, 'd']]
					}
				this.level157 = {
					"boardInfo":[[2, 3, 3, 1, 2, 3], [3, 1, 2, 1, 1, 1], [3, 2, 3, 2, 2, 3], [3, 3, 3, 1, 2, 3], [1, 3, 1, 3, 1, 2], [1, 1, 1, 3, 2, 1]],
					"MonsterPos": [[3, 2], [1, 2], [3, 3]],
					"GoalPos": [(3, 5), (5, 1), (1, 4)],
					"Swaps":5,
					"AiSolution": [[3, 'd'], [[2, 3], 's'], [1, 'r'], [2, 'd'], [[3, 1], 's'], [1, 'r'], [2, 'd'], [2, 'l'], [2, 'd'], [3, 'u'], [[1, 3], 's'], [3, 'u'], [3, 'r'], [[2, 1], 's'], [1, 'r'], [2, 'd'], [[3, 2], 's'], [3, 'u']]
					}
				this.level191 = {
					"boardInfo":[[1, 2, 2, 3, 1, 1], [3, 3, 3, 3, 1, 2], [2, 2, 3, 1, 1, 3], [2, 2, 2, 3, 1, 3], [2, 1, 2, 1, 3, 2], [3, 1, 3, 3, 1, 1]],
					"MonsterPos": [[3, 5], [3, 4], [0, 0]],
					"GoalPos": [(1, 2), (0, 2), (3, 3)],
					"Swaps":5,
					"AiSolution": [[3, 'd'], [3, 'r'], [3, 'r'], [3, 'r'], [[1, 2], 's'], [2, 'u'], [2, 'u'], [2, 'u'], [[2, 1], 's'], [1, 'l'], [1, 'u'], [1, 'u'], [3, 'l'], [3, 'd'], [[2, 3], 's'], [2, 'l'], [3, 'd'], [[3, 2], 's'], [2, 'l'], [2, 'l'], [3, 'r'], [[1, 3], 's'], [1, 'l'], [1, 'l'], [2, 'r']]
					}
				this.level194 = {
					"boardInfo":[[1, 2, 2, 2, 2, 1], [3, 2, 1, 3, 3, 1], [1, 3, 1, 2, 2, 2], [1, 2, 2, 1, 1, 3], [1, 1, 2, 3, 1, 3], [2, 1, 2, 3, 2, 2]],
					"MonsterPos": [[0, 3], [3, 3], [0, 4]],
					"GoalPos": [(2, 1), (4, 3), (5, 3)],
					"Swaps":5,
					"AiSolution": [[2, 'u'], [2, 'r'], [2, 'r'], [3, 'd'], [3, 'l'], [[2, 3], 's'], [2, 'd'], [2, 'd'], [3, 'd'], [[1, 3], 's'], [1, 'l'], [1, 'l'], [1, 'd'], [3, 'd'], [[3, 2], 's'], [2, 'l'], [3, 'd'], [3, 'd'], [[1, 3], 's'], [1, 'd'], [2, 'u'], [2, 'l'], [[2, 1], 's'], [2, 'd']]
					}
				this.level224 = {
					"boardInfo":[[2, 2, 3, 2, 2, 1], [2, 3, 2, 3, 1, 1], [3, 2, 3, 1, 1, 2], [3, 3, 2, 1, 3, 3], [3, 2, 1, 2, 3, 2], [3, 2, 3, 1, 1, 3]],
					"MonsterPos": [[3, 3], [0, 1], [0, 0]],
					"GoalPos": [(4, 2), (5, 2), (5, 1)],
					"Swaps":7,
					"AiSolution": [[[2, 3], 's'], [2, 'r'], [3, 'd'], [[3, 2], 's'], [2, 'r'], [2, 'r'], [3, 'd'], [3, 'd'], [3, 'd'], [3, 'd'], [[2, 1], 's'], [1, 'l'], [2, 'd'], [2, 'd'], [2, 'l'], [[1, 3], 's'], [2, 'd'], [3, 'r'], [3, 'u'], [[1, 2], 's'], [1, 'd'], [2, 'r'], [2, 'd'], [[2, 1], 's'], [2, 'd'], [2, 'l'], [3, 'd'], [[1, 2], 's'], [2, 'l']]
					}
				this.level232 = {
					"boardInfo":[[2, 3, 1, 3, 2, 2], [1, 2, 2, 1, 2, 3], [2, 3, 2, 2, 3, 3], [3, 2, 1, 2, 1, 2], [2, 2, 1, 2, 1, 3], [1, 1, 1, 1, 3, 3]],
					"MonsterPos": [[4, 1], [1, 3], [5, 3]],
					"GoalPos": [(0, 0), (2, 0), (1, 5)],
					"Swaps":5,
					"AiSolution": [[1, 'r'], [1, 'u'], [2, 'l'], [2, 'l'], [3, 'r'], [3, 'r'], [3, 'u'], [[2, 3], 's'], [2, 'd'], [3, 'u'], [[3, 1], 's'], [1, 'u'], [1, 'u'], [1, 'l'], [[1, 2], 's'], [1, 'u'], [2, 'l'], [[1, 3], 's'], [3, 'u'], [3, 'u'], [[2, 1], 's'], [1, 'l']]
					}
				this.level235 = {
					"boardInfo":[[2, 1, 1, 2, 2, 1], [3, 3, 3, 3, 3, 1], [2, 3, 1, 3, 1, 3], [3, 2, 3, 2, 1, 3], [1, 2, 2, 2, 1, 2], [1, 3, 2, 3, 2, 3]],
					"MonsterPos": [[1, 2], [0, 5], [3, 3]],
					"GoalPos": [(3, 5), (4, 2), (4, 3)],
					"Swaps":5,
					"AiSolution": [[1, 'u'], [2, 'l'], [2, 'l'], [[2, 3], 's'], [2, 'd'], [2, 'l'], [2, 'l'], [2, 'd'], [[1, 2], 's'], [1, 'd'], [1, 'r'], [1, 'd'], [2, 'r'], [[2, 1], 's'], [1, 'r'], [1, 'd'], [2, 'd'], [3, 'd'], [[3, 2], 's'], [2, 'd'], [[1, 3], 's'], [1, 'r']]
					}
				this.level238 = {
					"boardInfo":[[2, 1, 1, 2, 3, 2], [1, 3, 2, 1, 2, 3], [1, 2, 3, 2, 1, 1], [1, 3, 3, 3, 3, 1], [3, 3, 1, 3, 2, 3], [2, 1, 3, 3, 1, 3]],
					"MonsterPos": [[5, 3], [2, 3], [1, 1]],
					"GoalPos": [(0, 3), (3, 5), (2, 2)],
					"Swaps":5,
					"AiSolution": [[[2, 3], 's'], [2, 'd'], [2, 'r'], [3, 'r'], [[1, 2], 's'], [1, 'u'], [1, 'u'], [1, 'l'], [1, 'u'], [2, 'u'], [2, 'r'], [[3, 1], 's'], [1, 'r'], [2, 'd'], [[1, 2], 's'], [1, 'u'], [3, 'd'], [[2, 1], 's'], [1, 'u']]
					}
				this.level239 = {
					"boardInfo":[[2, 1, 2, 3, 1, 2], [2, 2, 1, 3, 2, 1], [1, 1, 2, 3, 2, 1], [2, 1, 1, 3, 2, 3], [1, 3, 1, 2, 3, 2], [3, 1, 3, 3, 1, 2]],
					"MonsterPos": [[4, 0], [3, 3], [2, 0]],
					"GoalPos": [(0, 5), (4, 5), (5, 0)],
					"Swaps":7,
					"AiSolution": [[2, 'r'], [[1, 3], 's'], [1, 'r'], [3, 'r'], [3, 'd'], [3, 'r'], [3, 'd'], [[3, 1], 's'], [1, 'u'], [1, 'r'], [3, 'd'], [[1, 3], 's'], [1, 'r'], [1, 'u'], [1, 'u'], [1, 'u'], [3, 'l'], [[3, 1], 's'], [1, 'r'], [3, 'l'], [[2, 3], 's'], [2, 'r'], [[3, 1], 's'], [1, 'r'], [[1, 2], 's'], [2, 'd']]
					}
				this.level256 = {
					"boardInfo":[[3, 1, 3, 2, 2, 3], [2, 1, 3, 2, 1, 2], [3, 1, 2, 2, 3, 3], [3, 2, 2, 1, 1, 2], [1, 3, 3, 3, 3, 2], [1, 2, 2, 3, 2, 2]],
					"MonsterPos": [[4, 0], [4, 3], [4, 0]],
					"GoalPos": [(1, 2), (2, 3), (0, 4)],
					"Swaps":5,
					"AiSolution": [[3, 'r'], [3, 'r'], [[3, 2], 's'], [3, 'u'], [3, 'u'], [3, 'r'], [3, 'u'], [3, 'u'], [[2, 1], 's'], [1, 'u'], [1, 'u'], [2, 'u'], [[1, 2], 's'], [1, 'r'], [1, 'u'], [3, 'r'], [[2, 1], 's'], [1, 'r'], [[2, 3], 's'], [2, 'u']]
					}
				this.level257 = {
					"boardInfo":[[3, 2, 1, 2, 1, 1], [1, 3, 1, 3, 2, 3], [3, 3, 1, 2, 2, 1], [1, 2, 3, 2, 1, 2], [1, 2, 2, 2, 3, 1], [3, 3, 1, 3, 2, 1]],
					"MonsterPos": [[3, 3], [3, 0], [3, 5]],
					"GoalPos": [(1, 0), (3, 1), (1, 4)],
					"Swaps":5,
					"AiSolution": [[[3, 1], 's'], [1, 'l'], [3, 'u'], [[1, 3], 's'], [1, 'u'], [1, 'u'], [1, 'u'], [2, 'r'], [3, 'u'], [[2, 1], 's'], [1, 'l'], [[3, 1], 's'], [1, 'l'], [3, 'l'], [[1, 2], 's'], [1, 'd']]
					}
				this.level259 = {
					"boardInfo":[[1, 1, 1, 1, 1, 2], [3, 1, 1, 2, 1, 3], [1, 3, 3, 2, 1, 1], [1, 2, 3, 1, 3, 1], [3, 3, 2, 1, 2, 1], [2, 1, 1, 1, 3, 1]],
					"MonsterPos": [[4, 3], [2, 2], [5, 0]],
					"GoalPos": [(4, 2), (5, 2), (1, 5)],
					"Swaps":5,
					"AiSolution": [[1, 'u'], [3, 'u'], [3, 'r'], [[1, 3], 's'], [1, 'l'], [2, 'r'], [3, 'd'], [3, 'r'], [3, 'r'], [3, 'u'], [3, 'u'], [[3, 2], 's'], [3, 'u'], [3, 'u'], [[3, 1], 's'], [2, 'd'], [2, 'd'], [2, 'd'], [2, 'l'], [[2, 3], 's'], [1, 'd'], [3, 'r'], [[3, 2], 's'], [3, 'r']]
					}
				this.level265 = {
					"boardInfo":[[3, 3, 1, 1, 1, 3], [3, 3, 1, 3, 3, 3], [2, 3, 1, 2, 2, 1], [2, 3, 2, 3, 3, 3], [1, 1, 3, 3, 3, 3], [2, 3, 1, 1, 2, 3]],
					"MonsterPos": [[0, 4], [1, 5], [4, 0]],
					"GoalPos": [(4, 2), (0, 3), (1, 2)],
					"Swaps":5,
					"AiSolution": [[1, 'l'], [1, 'l'], [1, 'd'], [1, 'd'], [[3, 2], 's'], [2, 'l'], [2, 'l'], [3, 'u'], [3, 'u'], [[2, 3], 's'], [3, 'u'], [3, 'r'], [[1, 2], 's'], [1, 'd'], [2, 'u'], [[3, 1], 's'], [1, 'd'], [[2, 3], 's'], [3, 'r']]
					}
				this.level282 = {
					"boardInfo":[[3, 2, 1, 2, 1, 3], [1, 2, 1, 3, 2, 1], [3, 2, 3, 2, 3, 1], [2, 2, 3, 2, 3, 3], [2, 3, 2, 3, 3, 1], [1, 3, 1, 3, 2, 2]],
					"MonsterPos": [[3, 0], [4, 2], [3, 5]],
					"GoalPos": [(4, 4), (5, 0), (1, 3)],
					"Swaps":6,
					"AiSolution": [[3, 'l'], [3, 'u'], [[2, 1], 's'], [1, 'r'], [[3, 1], 's'], [1, 'd'], [1, 'd'], [3, 'u'], [[1, 2], 's'], [1, 'r'], [2, 'l'], [[2, 3], 's'], [2, 'l'], [3, 'l'], [[3, 1], 's'], [1, 'r'], [1, 'u'], [1, 'r'], [[2, 3], 's'], [2, 'd']]
					}
				this.level305 = {
					"boardInfo":[[2, 1, 2, 3, 3, 2], [3, 2, 3, 1, 2, 1], [2, 1, 2, 2, 2, 3], [2, 3, 1, 3, 3, 3], [1, 3, 2, 2, 1, 3], [3, 3, 2, 1, 3, 2]],
					"MonsterPos": [[1, 1], [4, 2], [4, 1]],
					"GoalPos": [(3, 3), (5, 5), (0, 5)],
					"Swaps":6,
					"AiSolution": [[1, 'd'], [2, 'r'], [3, 'u'], [[2, 1], 's'], [1, 'r'], [1, 'r'], [2, 'r'], [3, 'd'], [[1, 3], 's'], [1, 'd'], [3, 'r'], [3, 'r'], [[3, 1], 's'], [3, 'u'], [3, 'r'], [3, 'r'], [3, 'u'], [[2, 3], 's'], [2, 'r'], [3, 'u'], [[1, 2], 's'], [2, 'd'], [[2, 3], 's'], [3, 'u']]
					}
				this.level310 = {
					"boardInfo":[[1, 2, 1, 2, 1, 3], [2, 1, 2, 3, 1, 2], [1, 1, 2, 1, 2, 1], [2, 2, 2, 2, 3, 2], [1, 1, 2, 3, 2, 3], [1, 1, 2, 1, 1, 2]],
					"MonsterPos": [[5, 2], [4, 5], [5, 4]],
					"GoalPos": [(1, 5), (3, 2), (2, 5)],
					"Swaps":6,
					"AiSolution": [[1, 'r'], [2, 'u'], [[2, 3], 's'], [2, 'l'], [3, 'u'], [[3, 2], 's'], [2, 'l'], [2, 'l'], [3, 'u'], [[1, 2], 's'], [1, 'l'], [1, 'u'], [1, 'u'], [1, 'u'], [1, 'u'], [[1, 3], 's'], [1, 'r'], [3, 'u'], [[2, 1], 's'], [1, 'r'], [[1, 3], 's'], [1, 'r'], [3, 'r']]
					}
				this.level312 = {
					"boardInfo":[[3, 1, 3, 3, 2, 1], [2, 2, 1, 1, 3, 3], [3, 3, 2, 1, 3, 3], [2, 1, 2, 2, 2, 1], [1, 2, 1, 1, 3, 3], [3, 1, 1, 3, 2, 3]],
					"MonsterPos": [[2, 0], [3, 4], [0, 4]],
					"GoalPos": [(2, 5), (0, 5), (4, 0)],
					"Swaps":6,
					"AiSolution": [[2, 'l'], [2, 'l'], [2, 'u'], [3, 'd'], [3, 'd'], [[3, 2], 's'], [3, 'd'], [3, 'l'], [3, 'l'], [[1, 3], 's'], [1, 'u'], [1, 'r'], 'sad', [[2, 3], 's'], [2, 'u'], [2, 'r'], [3, 'l'], [[3, 2], 's'], [2, 'r'], [2, 'r'], [3, 'u'], [[3, 1], 's'], [1, 'r'], [1, 'r'], [1, 'd'], [[2, 1], 's'], [1, 'r'], [1, 'r'], [2, 'u']]
					}
				this.level319 = {
					"boardInfo":[[1, 1, 1, 3, 1, 3], [3, 3, 1, 2, 1, 2], [2, 2, 2, 1, 3, 3], [2, 1, 1, 2, 3, 3], [2, 2, 1, 1, 2, 1], [1, 2, 2, 2, 3, 2]],
					"MonsterPos": [[4, 0], [0, 2], [5, 4]],
					"GoalPos": [(4, 2), (5, 4), (0, 1)],
					"Swaps":6,
					"AiSolution": [[[1, 2], 's'], [1, 'r'], [1, 'd'], [1, 'r'], [2, 'd'], [[2, 1], 's'], [1, 'u'], [1, 'u'], 'sad', [[3, 2], 's'], 'sad', [[2, 3], 's'], [1, 'd'], [2, 'd'], [2, 'r'], [2, 'r'], [3, 'u'], [[3, 2], 's'], [2, 'r'], [[1, 3], 's'], [3, 'u']]
					}
				this.level331 = {
					"boardInfo":[[1, 3, 1, 2, 1, 3], [2, 2, 1, 2, 2, 2], [2, 3, 2, 2, 1, 1], [3, 1, 1, 3, 1, 2], [1, 3, 2, 1, 3, 2], [2, 2, 3, 2, 3, 3]],
					"MonsterPos": [[1, 0], [1, 2], [1, 5]],
					"GoalPos": [(5, 4), (4, 5), (4, 0)],
					"Swaps":7,
					"AiSolution": [[1, 'u'], [2, 'r'], [2, 'r'], [[1, 3], 's'], [1, 'r'], [3, 'd'], [3, 'l'], [3, 'd'], [[3, 1], 's'], [1, 'r'], [1, 'd'], [2, 'r'], [3, 'l'], [[1, 2], 's'], [1, 'r'], [1, 'r'], [2, 'd'], [[2, 1], 's'], [1, 'd'], [1, 'd'], [2, 'd'], [[1, 3], 's'], [1, 'd'], [1, 'd'], [3, 'l'], [3, 'l'], [[3, 1], 's'], [2, 'd'], [3, 'l'], [[1, 3], 's'], [3, 'd']]
					}
				this.level352 = {
					"boardInfo":[[3, 1, 2, 3, 3, 3], [3, 2, 1, 3, 2, 2], [3, 3, 1, 3, 3, 3], [3, 3, 1, 1, 3, 3], [2, 1, 1, 3, 2, 2], [3, 2, 1, 1, 3, 2]],
					"MonsterPos": [[1, 5], [2, 4], [0, 2]],
					"GoalPos": [(1, 2), (0, 1), (4, 4)],
					"Swaps":5,
					"AiSolution": [[2, 'u'], [3, 'r'], [3, 'd'], [3, 'd'], [[3, 1], 's'], 'sad', [3, 'd'], [[1, 3], 's'], [3, 'r'], [[3, 2], 's'], [1, 'l'], [2, 'u'], [2, 'l'], [3, 'd'], [[2, 3], 's'], [2, 'l'], [[1, 2], 's'], [2, 'l']]
					}
				this.level356 = {
					"boardInfo":[[1, 2, 2, 3, 3, 3], [3, 3, 1, 3, 3, 3], [3, 1, 1, 2, 1, 3], [1, 2, 3, 1, 2, 3], [2, 1, 2, 1, 2, 2], [2, 1, 3, 1, 1, 1]],
					"MonsterPos": [[4, 0], [5, 1], [1, 0]],
					"GoalPos": [(3, 2), (2, 4), (0, 2)],
					"Swaps":6,
					"AiSolution": [[1, 'u'], [2, 'l'], [2, 'u'], [3, 'r'], [[1, 2], 's'], [1, 'r'], [2, 'u'], [3, 'l'], [3, 'd'], [[2, 3], 's'], [2, 'u'], [2, 'u'], [2, 'r'], [3, 'r'], [3, 'r'], [3, 'u'], [[1, 2], 's'], [1, 'r'], [2, 'u'], [2, 'r'], [[2, 1], 's'], [2, 'r'], [2, 'd'], [2, 'r'], [[3, 1], 's'], [3, 'u'], [[1, 2], 's'], [2, 'd']]
					}
				this.level362 = {
					"boardInfo":[[3, 3, 2, 2, 3, 3], [2, 2, 3, 3, 1, 1], [1, 3, 3, 3, 3, 3], [3, 3, 3, 2, 3, 1], [2, 1, 2, 3, 1, 2], [1, 2, 2, 1, 1, 1]],
					"MonsterPos": [[1, 4], [4, 4], [4, 1]],
					"GoalPos": [(0, 0), (0, 2), (5, 0)],
					"Swaps":5,
					"AiSolution": [[3, 'u'], [3, 'l'], [[3, 1], 's'], [1, 'l'], [1, 'l'], [[1, 2], 's'], [1, 'l'], [1, 'l'], [2, 'u'], [2, 'u'], [2, 'l'], [2, 'u'], [2, 'l'], [[2, 1], 's'], [1, 'u'], [2, 'u'], [[2, 3], 's'], [3, 'd'], [[3, 2], 's'], [3, 'd']]
					}
				this.level376 = {
					"boardInfo":[[3, 2, 2, 1, 1, 2], [2, 1, 3, 1, 2, 1], [2, 2, 1, 3, 2, 2], [1, 1, 3, 3, 2, 3], [2, 3, 3, 1, 3, 3], [1, 1, 1, 1, 1, 1]],
					"MonsterPos": [[4, 5], [5, 2], [2, 3]],
					"GoalPos": [(4, 1), (2, 2), (0, 0)],
					"Swaps":5,
					"AiSolution": [[1, 'd'], [1, 'l'], [1, 'l'], [1, 'u'], [[3, 1], 's'], [1, 'l'], [1, 'l'], [3, 'u'], [3, 'u'], [[1, 2], 's'], [2, 'u'], [2, 'u'], [2, 'r'], [2, 'u'], [[1, 3], 's'], [3, 'l'], [3, 'l'], [[2, 1], 's'], [2, 'l'], [[1, 3], 's'], [3, 'l']]
					}
				this.level394 = {
					"boardInfo":[[2, 1, 3, 3, 1, 3], [2, 1, 1, 2, 1, 3], [1, 3, 1, 2, 2, 1], [3, 1, 1, 2, 3, 1], [1, 2, 2, 2, 1, 3], [2, 3, 3, 2, 3, 3]],
					"MonsterPos": [[3, 2], [0, 5], [4, 5]],
					"GoalPos": [(4, 3), (2, 4), (2, 0)],
					"Swaps":5,
					"AiSolution": [[[2, 1], 's'], [1, 'd'], [1, 'r'], [2, 'l'], [2, 'd'], [3, 'd'], [3, 'l'], [[1, 3], 's'], [3, 'l'], [3, 'u'], [3, 'u'], [3, 'u'], [[3, 2], 's'], [2, 'd'], [3, 'l'], [3, 'u'], [3, 'l'], [[2, 3], 's'], [3, 'l'], [[3, 2], 's'], [3, 'd']]
					}
				this.level398 = {
					"boardInfo":[[2, 2, 2, 1, 1, 3], [1, 2, 3, 2, 1, 3], [1, 1, 2, 3, 3, 1], [1, 3, 2, 3, 3, 3], [2, 2, 3, 1, 2, 3], [3, 2, 1, 1, 3, 3]],
					"MonsterPos": [[3, 2], [2, 4], [2, 1]],
					"GoalPos": [(2, 2), (3, 1), (3, 3)],
					"Swaps":5,
					"AiSolution": [[[2, 3], 's'], [2, 'l'], [2, 'd'], [3, 'r'], [[3, 2], 's'], [3, 'r'], [[2, 1], 's'], [1, 'u'], [2, 'd'], [2, 'd'], [2, 'l'], [[1, 2], 's'], [2, 'l'], [2, 'u'], [3, 'd'], [[2, 3], 's'], [2, 'u']]
					}
				this.level401 = {
					"boardInfo":[[1, 2, 3, 3, 2, 1], [3, 3, 1, 2, 2, 2], [1, 3, 3, 2, 2, 3], [1, 2, 1, 2, 3, 2], [3, 1, 3, 3, 1, 3], [3, 3, 1, 2, 1, 1]],
					"MonsterPos": [[2, 4], [1, 4], [2, 0]],
					"GoalPos": [(5, 0), (2, 4), (1, 1)],
					"Swaps":5,
					"AiSolution": [[3, 'u'], [[1, 2], 's'], [1, 'l'], [3, 'r'], [[1, 3], 's'], [1, 'l'], [1, 'l'], [1, 'u'], [1, 'l'], [[2, 1], 's'], [1, 'd'], [1, 'd'], [[1, 2], 's'], [1, 'd'], [1, 'd'], [[2, 3], 's'], [2, 'd']]
					}
				this.level419 = {
					"boardInfo":[[2, 1, 3, 1, 3, 2], [1, 2, 1, 2, 2, 2], [2, 3, 2, 3, 3, 3], [2, 3, 1, 1, 1, 1], [3, 3, 2, 2, 2, 3], [3, 3, 3, 2, 2, 2]],
					"MonsterPos": [[0, 0], [3, 1], [0, 5]],
					"GoalPos": [(4, 1), (5, 3), (4, 2)],
					"Swaps":6,
					"AiSolution": [[1, 'd'], [3, 'l'], [[2, 1], 's'], [1, 'd'], [1, 'd'], [[1, 3], 's'], [1, 'd'], [3, 'd'], [3, 'l'], [[3, 1], 's'], [3, 'd'], [[2, 3], 's'], [2, 'd'], [2, 'd'], [2, 'r'], [3, 'd'], [3, 'l'], [[1, 2], 's'], [1, 'r'], [2, 'r'], [[2, 3], 's'], [3, 'd']]
					}
				this.level420 = {
					"boardInfo":[[1, 3, 1, 1, 3, 3], [2, 3, 1, 1, 1, 3], [3, 3, 2, 3, 2, 2], [1, 1, 2, 3, 3, 1], [3, 2, 1, 2, 2, 1], [2, 1, 1, 2, 3, 2]],
					"MonsterPos": [[0, 5], [1, 3], [0, 1]],
					"GoalPos": [(5, 4), (0, 1), (3, 2)],
					"Swaps":6,
					"AiSolution": [[3, 'd'], [3, 'd'], [[1, 3], 's'], [1, 'd'], [3, 'd'], [[1, 2], 's'], [1, 'd'], [1, 'l'], [2, 'd'], [[2, 1], 's'], [1, 'd'], [2, 'l'], [[1, 2], 's'], [1, 'd'], [2, 'l'], [2, 'u'], [2, 'u'], [[3, 1], 's'], [3, 'r'], [[1, 2], 's'], [1, 'd']]
					}
				this.level432 = {
					"boardInfo":[[2, 3, 1, 2, 3, 1], [3, 1, 2, 1, 2, 2], [1, 1, 2, 3, 1, 3], [1, 2, 3, 2, 3, 1], [2, 3, 1, 3, 1, 3], [3, 3, 2, 3, 2, 3]],
					"MonsterPos": [[5, 1], [4, 3], [4, 5]],
					"GoalPos": [(2, 4), (3, 4), (0, 1)],
					"Swaps":8,
					"AiSolution": [[2, 'u'], [[3, 1], 's'], [1, 'u'], [3, 'u'], [[1, 3], 's'], [3, 'u'], [[2, 3], 's'], [3, 'u'], [3, 'l'], [[3, 1], 's'], [1, 'u'], [3, 'l'], [[1, 3], 's'], [1, 'u'], [3, 'u'], [[3, 1], 's'], [1, 'r'], [2, 'r'], [3, 'l'], [[1, 2], 's'], [1, 'r'], [[1, 3], 's'], [1, 'r'], [3, 'l']]
					}
				this.level445 = {
					"boardInfo":[[3, 2, 2, 2, 3, 3], [3, 1, 2, 1, 2, 1], [3, 2, 1, 1, 2, 3], [3, 1, 3, 1, 1, 2], [2, 3, 3, 2, 2, 1], [3, 3, 1, 2, 2, 1]],
					"MonsterPos": [[4, 3], [3, 0], [1, 4]],
					"GoalPos": [(2, 3), (2, 5), (1, 0)],
					"Swaps":5,
					"AiSolution": [[1, 'u'], [1, 'u'], [1, 'u'], [2, 'd'], [3, 'u'], [[3, 2], 's'], [1, 'd'], 'sad', [3, 'l'], [3, 'l'], [3, 'l'], [[2, 1], 's'], [2, 'r'], [2, 'r'], [[3, 2], 's'], [2, 'u'], [3, 'd'], [[1, 2], 's'], [2, 'r'], [[2, 3], 's'], [3, 'l']]
					}
				this.level449 = {
					"boardInfo":[[1, 3, 3, 1, 2, 3], [1, 2, 1, 3, 1, 1], [3, 1, 2, 1, 2, 2], [2, 1, 2, 1, 1, 3], [1, 2, 2, 1, 1, 2], [3, 3, 2, 1, 1, 3]],
					"MonsterPos": [[5, 2], [3, 5], [2, 2]],
					"GoalPos": [(1, 4), (5, 1), (3, 0)],
					"Swaps":5,
					"AiSolution": [[1, 'r'], [1, 'u'], [1, 'u'], [1, 'u'], [2, 'd'], [[1, 2], 's'], [1, 'r'], [2, 'l'], [2, 'd'], [2, 'l'], [[2, 1], 's'], [1, 'u'], [2, 'l'], [2, 'u'], [2, 'l'], [[1, 3], 's'], [3, 'l'], [3, 'd'], [[3, 2], 's'], [3, 'l'], [[2, 1], 's'], [2, 'd']]
					}
				this.level450 = {
					"boardInfo":[[2, 2, 3, 1, 3, 1], [1, 1, 2, 2, 2, 2], [2, 1, 1, 1, 3, 1], [2, 3, 2, 3, 2, 3], [2, 3, 1, 2, 3, 2], [2, 1, 3, 3, 1, 3]],
					"MonsterPos": [[4, 5], [2, 1], [2, 1]],
					"GoalPos": [(2, 3), (4, 3), (5, 2)],
					"Swaps":6,
					"AiSolution": [[3, 'd'], [3, 'd'], [[3, 1], 's'], [1, 'u'], [3, 'r'], [[1, 3], 's'], [1, 'u'], [[2, 1], 's'], [1, 'u'], [1, 'l'], [1, 'l'], [2, 'r'], [2, 'r'], [3, 'd'], [[3, 2], 's'], [2, 'd'], [[1, 2], 's'], [2, 'd'], [[1, 3], 's'], [1, 'd']]
					}
				this.level454 = {
					"boardInfo":[[1, 3, 3, 1, 3, 2], [1, 2, 3, 1, 2, 2], [2, 3, 3, 3, 2, 3], [1, 3, 1, 1, 3, 3], [1, 1, 2, 2, 2, 3], [2, 3, 3, 2, 3, 3]],
					"MonsterPos": [[3, 1], [5, 1], [4, 3]],
					"GoalPos": [(2, 1), (2, 0), (1, 4)],
					"Swaps":5,
					"AiSolution": [[1, 'l'], [2, 'l'], [[1, 2], 's'], [1, 'u'], [2, 'u'], [2, 'u'], [[3, 1], 's'], 'sad', [3, 'r'], [[1, 3], 's'], [1, 'd'], [3, 'u'], [3, 'r'], [3, 'u'], [[3, 1], 's'], [1, 'd'], [3, 'u'], [3, 'l'], [[2, 3], 's'], [2, 'u']]
					}
				this.level456 = {
					"boardInfo":[[1, 3, 2, 1, 2, 1], [1, 3, 2, 1, 3, 3], [1, 3, 1, 2, 3, 2], [3, 2, 1, 2, 2, 1], [1, 1, 1, 2, 2, 1], [2, 1, 2, 2, 3, 3]],
					"MonsterPos": [[0, 4], [2, 2], [5, 3]],
					"GoalPos": [(1, 0), (1, 1), (2, 5)],
					"Swaps":5,
					"AiSolution": [[1, 'l'], [2, 'u'], [3, 'r'], [3, 'r'], [[1, 2], 's'], [1, 'l'], [3, 'l'], [[3, 1], 's'], [1, 'l'], [3, 'u'], [3, 'l'], [3, 'u'], [3, 'u'], [[2, 1], 's'], [1, 'l'], [2, 'l'], [[2, 3], 's'], [1, 'd'], [3, 'r'], [3, 'u'], [3, 'r'], [[3, 2], 's'], [3, 'd']]
					}
				this.level491 = {
					"boardInfo":[[2, 3, 2, 3, 2, 3], [1, 2, 1, 2, 1, 2], [2, 2, 2, 3, 3, 2], [2, 1, 2, 3, 1, 3], [2, 1, 1, 3, 2, 2], [2, 2, 1, 2, 1, 1]],
					"MonsterPos": [[3, 5], [5, 2], [5, 0]],
					"GoalPos": [(1, 0), (4, 4), (0, 3)],
					"Swaps":6,
					"AiSolution": [[1, 'l'], [2, 'r'], [[2, 3], 's'], [2, 'u'], [3, 'u'], [3, 'u'], [3, 'u'], [3, 'r'], [3, 'u'], [[2, 1], 's'], [1, 'u'], [1, 'l'], [[3, 1], 's'], 'sad', [3, 'u'], [[1, 2], 's'], [1, 'l'], [2, 'r'], [[2, 3], 's'], [3, 'r'], [[3, 2], 's'], [3, 'r']]
					}
				this.level497 = {
					"boardInfo":[[2, 1, 2, 2, 3, 1], [2, 3, 3, 1, 3, 1], [2, 2, 3, 3, 2, 1], [1, 2, 1, 2, 1, 3], [3, 1, 3, 3, 3, 1], [2, 2, 1, 3, 1, 3]],
					"MonsterPos": [[0, 3], [4, 0], [5, 3]],
					"GoalPos": [(4, 5), (3, 3), (2, 5)],
					"Swaps":6,
					"AiSolution": [[1, 'd'], [3, 'u'], [3, 'r'], [[1, 3], 's'], [1, 'r'], [3, 'u'], [[2, 3], 's'], [2, 'r'], [3, 'u'], [[2, 1], 's'], [1, 'r'], [1, 'd'], [2, 'r'], [[1, 2], 's'], [1, 'd'], [2, 'u'], [[3, 2], 's'], [2, 'r'], [3, 'r'], [[3, 1], 's'], [1, 'd']]
					}
				this.level0 = {
					"boardInfo":[[1, 1, 2, 2, 3, 3], [1, 1, 2, 2, 3, 3], [1, 1, 2, 2, 3, 3], [1, 1, 2, 2, 3, 3], [1, 1, 2, 2, 3, 3], [1, 1, 2, 2, 3, 3]],
					"MonsterPos": [[5, 0], [3, 0], [1, 0]],
					"GoalPos": [(0, 2), (1, 5), (5, 5)],
					"Swaps":5,
					"AiSolution": [[1, 'u'], [1, 'r'], [1, 'u'], [1, 'u'], [1, 'u'], [1, 'u'], [[1, 3], 's'], [3, 'd'], [3, 'r'], [3, 'd'], [3, 'd'], [3, 'd'], [[3, 2], 's'], [2, 'u'], [2, 'r'], [2, 'u'], [3, 'r'], [3, 'r'], [[3, 1], 's'], [1, 'r'], [3, 'r'], [3, 'u'], [3, 'r'], [[2, 1], 's'], [2, 'r'], [2, 'r'], [3, 'd'], [[2, 3], 's'], [2, 'r'], [2, 'r']]
					}
				this.level2 = {
					"boardInfo":[[2, 1, 2, 1, 3, 3], [1, 2, 2, 2, 1, 3], [3, 3, 1, 2, 1, 2], [1, 1, 2, 1, 3, 1], [1, 3, 1, 3, 2, 3], [1, 2, 1, 2, 1, 3]],
					"MonsterPos": [[5, 0], [3, 0], [1, 0]],
					"GoalPos": [(0, 2), (1, 5), (5, 5)],
					"Swaps":7,
					"AiSolution": [[1, 'u'], [1, 'u'], [1, 'r'], [[2, 3], 's'], [2, 'u'], [2, 'r'], [3, 'r'], [3, 'r'], [3, 'r'], [3, 'd'], [[3, 2], 's'], [2, 'u'], [2, 'r'], [2, 'r'], [[1, 3], 's'], [1, 'u'], [3, 'r'], [[2, 1], 's'], [1, 'u'], [1, 'r'], [[3, 2], 's'], [2, 'r'], [3, 'd'], [[2, 3], 's'], [1, 'u'], [2, 'r'], [3, 'r'], [[3, 2], 's'], [3, 'd'], [3, 'd']]
					}
				this.level0 = {
					"boardInfo":[[1, 1, 2, 2, 3, 3], [1, 1, 2, 2, 3, 3], [1, 1, 2, 2, 3, 3], [1, 1, 2, 2, 3, 3], [1, 1, 2, 2, 3, 3], [1, 1, 2, 2, 3, 3]],
					"MonsterPos": [[5, 0], [3, 0], [1, 0]],
					"GoalPos": [(0, 2), (1, 5), (5, 5)],
					"Swaps":5,
					"AiSolution": [[1, 'u'], [1, 'r'], [1, 'u'], [1, 'u'], [1, 'u'], [1, 'u'], [[1, 3], 's'], [3, 'd'], [3, 'r'], [3, 'd'], [3, 'd'], [3, 'd'], [[3, 2], 's'], [2, 'u'], [2, 'r'], [2, 'u'], [3, 'r'], [3, 'r'], [[3, 1], 's'], [1, 'r'], [3, 'r'], [3, 'u'], [3, 'r'], [[2, 1], 's'], [2, 'r'], [2, 'r'], [3, 'd'], [[2, 3], 's'], [2, 'r'], [2, 'r']]
					}
				this.level2 = {
					"boardInfo":[[2, 1, 2, 1, 3, 3], [1, 2, 2, 2, 1, 3], [3, 3, 1, 2, 1, 2], [1, 1, 2, 1, 3, 1], [1, 3, 1, 3, 2, 3], [1, 2, 1, 2, 1, 3]],
					"MonsterPos": [[5, 0], [3, 0], [1, 0]],
					"GoalPos": [(0, 2), (1, 5), (5, 5)],
					"Swaps":7,
					"AiSolution": [[1, 'u'], [1, 'u'], [1, 'r'], [[2, 3], 's'], [2, 'u'], [2, 'r'], [3, 'r'], [3, 'r'], [3, 'r'], [3, 'd'], [[3, 2], 's'], [2, 'u'], [2, 'r'], [2, 'r'], [[1, 3], 's'], [1, 'u'], [3, 'r'], [[2, 1], 's'], [1, 'u'], [1, 'r'], [[3, 2], 's'], [2, 'r'], [3, 'd'], [[2, 3], 's'], [1, 'u'], [2, 'r'], [3, 'r'], [[3, 2], 's'], [3, 'd'], [3, 'd']]
					}
				this.level0 = {
					"boardInfo":[[1, 3, 1, 2, 1, 3], [2, 3, 1, 3, 2, 1], [2, 3, 2, 1, 3, 2], [2, 1, 1, 1, 2, 3], [3, 1, 3, 2, 2, 3], [1, 1, 1, 2, 1, 3]],
					"MonsterPos": [[1, 0], [0, 1], [1, 3]],
					"GoalPos": [(2, 5), (1, 5), (4, 2)],
					"Swaps":7,
					"AiSolution": [[[1, 2], 's'], [1, 'd'], [1, 'd'], [2, 'r'], [[2, 1], 's'], [1, 'r'], [1, 'r'], [1, 'r'], [1, 'u'], [2, 'r'], [[1, 3], 's'], [1, 'r'], [[1, 2], 's'], 'sad', [[3, 2], 's'], [2, 'r'], [3, 'd'], [[2, 3], 's'], [1, 'r'], [2, 'r'], [[3, 2], 's'], [2, 'd']]
					}