this.level1 = {
	"boardInfo":[[1, 2, 2, 3, 1, 1], [3, 1, 2, 1, 2, 3], [1, 2, 3, 3, 3, 2], [3, 3, 1, 1, 2, 1], [2, 1, 3, 2, 2, 1], [2, 1, 2, 1, 1, 3]],
	"MonsterPos": [[0, 2], [1, 2], [0, 3]],
	"GoalPos": [(5, 5), (2, 1), (1, 3)],
	"Swaps":5,
	"AiSolution": [[2, 'u'], [2, 'l'], [[1, 2], 's'], [1, 'd'], [2, 'd'], [[1, 3], 's'], [1, 'd'], [1, 'r'], [1, 'r'], [[3, 1], 's'], [1, 'd'], [1, 'd'], [[2, 1], 's'], [1, 'r'], [2, 'd'], [[1, 3], 's'], [1, 'd'], [3, 'd']]
	}
				this.level14 = {
					"boardInfo":[[3, 3, 2, 3, 1, 1], [3, 1, 1, 3, 2, 3], [1, 3, 3, 1, 2, 2], [2, 3, 3, 2, 2, 2], [3, 2, 2, 1, 3, 3], [2, 3, 2, 3, 3, 3]],
					"MonsterPos": [[3, 4], [1, 2], [2, 5]],
					"GoalPos": [(0, 0), (3, 5), (1, 1)],
					"Swaps":5,
					"AiSolution": [[3, 'u'], [[3, 2], 's'], [2, 'd'], [2, 'd'], [3, 'l'], [3, 'd'], [[3, 1], 's'], [1, 'u'], [1, 'u'], [3, 'l'], [[2, 1], 's'], [1, 'l'], [2, 'r'], [2, 'r'], [2, 'u'], [2, 'r'], [[1, 3], 's'], [1, 'l'], [1, 'l'], [3, 'l'], [3, 'l'], [[3, 1], 's'], [1, 'u'], [1, 'l'], [2, 'd'], [3, 'u']]
					}
				this.level26 = {
					"boardInfo":[[3, 1, 1, 3, 1, 1], [1, 3, 1, 3, 1, 1], [2, 2, 1, 3, 2, 3], [1, 1, 3, 2, 1, 2], [3, 1, 1, 1, 2, 1], [2, 3, 1, 3, 3, 2]],
					"MonsterPos": [[3, 1], [5, 3], [0, 5]],
					"GoalPos": [(0, 2), (4, 1), (3, 0)],
					"Swaps":5,
					"AiSolution": [[[3, 1], 's'], [1, 'r'], [3, 'l'], [3, 'd'], [[1, 3], 's'], [1, 'u'], [1, 'u'], [1, 'u'], [3, 'l'], [3, 'd'], [[3, 1], 's'], [3, 'l'], [[3, 2], 's'], [2, 'u'], [2, 'l'], [2, 'l'], [3, 'l'], [3, 'l'], [[2, 3], 's'], [3, 'd']]
					}
				this.level61 = {
					"boardInfo":[[2, 2, 2, 2, 3, 2], [2, 3, 3, 1, 1, 2], [2, 1, 2, 1, 2, 3], [3, 2, 2, 3, 2, 2], [2, 2, 2, 2, 1, 2], [1, 1, 2, 3, 1, 1]],
					"MonsterPos": [[4, 4], [0, 3], [2, 0]],
					"GoalPos": [(0, 0), (0, 3), (0, 5)],
					"Swaps":5,
					"AiSolution": [[[2, 1], 's'], 'sad', [[1, 3], 's'], [1, 'u'], [1, 'l'], [3, 'u'], [3, 'u'], [3, 'r'], [3, 'r'], [[3, 1], 's'], [1, 'u'], [3, 'd'], [[3, 2], 's'], [1, 'l'], [3, 'r'], [3, 'r'], [[1, 3], 's'], [3, 'r'], [3, 'u']]
					}
				this.level205 = {
					"boardInfo":[[2, 2, 2, 2, 3, 3], [1, 2, 2, 3, 2, 3], [1, 1, 2, 2, 1, 1], [2, 2, 3, 1, 2, 3], [2, 1, 3, 2, 1, 1], [1, 3, 2, 1, 2, 3]],
					"MonsterPos": [[1, 5], [1, 2], [5, 0]],
					"GoalPos": [(1, 4), (1, 2), (3, 5)],
					"Swaps":5,
					"AiSolution": [[[2, 3], 's'], [3, 'u'], [3, 'u'], [3, 'r'], [[3, 2], 's'], [3, 'r'], [[2, 3], 's'], [3, 'u'], [3, 'r'], [[3, 1], 's'], [1, 'l'], [3, 'r'], [3, 'r'], [[2, 3], 's'], [3, 'd']]
					}
				this.level416 = {
					"boardInfo":[[1, 2, 1, 2, 1, 2], [2, 3, 3, 1, 3, 2], [2, 2, 1, 1, 2, 3], [2, 2, 2, 1, 1, 3], [1, 1, 1, 2, 3, 2], [2, 3, 2, 1, 3, 1]],
					"MonsterPos": [[1, 2], [2, 3], [4, 5]],
					"GoalPos": [(5, 1), (2, 3), (0, 2)],
					"Swaps":5,
					"AiSolution": [[1, 'd'], [3, 'u'], [3, 'u'], [[2, 3], 's'], [3, 'u'], [3, 'u'], [[1, 3], 's'], [1, 'l'], [1, 'd'], [3, 'l'], [[3, 1], 's'], [1, 'd'], [1, 'l'], [3, 'l'], [[1, 3], 's'], [1, 'd'], [3, 'l'], [[1, 2], 's'], [1, 'r']]
					}
				this.level434 = {
					"boardInfo":[[1, 3, 1, 2, 3, 1], [3, 2, 3, 1, 3, 2], [1, 1, 3, 2, 1, 2], [1, 2, 1, 2, 2, 3], [2, 3, 1, 3, 3, 2], [1, 2, 3, 3, 2, 1]],
					"MonsterPos": [[5, 0], [1, 3], [3, 3]],
					"GoalPos": [(0, 3), (2, 0), (3, 3)],
					"Swaps":6,
					"AiSolution": [[2, 'd'], [[1, 2], 's'], [1, 'r'], [[3, 1], 's'], 'sad', [[2, 1], 's'], [1, 'l'], [1, 'u'], [2, 'l'], [[1, 2], 's'], [1, 'u'], [1, 'u'], [2, 'l'], [2, 'l'], [[2, 1], 's'], [1, 'u'], [[1, 3], 's'], [1, 'r']]
					}
				this.level489 = {
					"boardInfo":[[1, 1, 3, 2, 1, 3], [3, 3, 1, 1, 2, 2], [1, 1, 2, 1, 2, 3], [2, 1, 3, 2, 3, 2], [2, 2, 1, 2, 2, 3], [3, 2, 3, 2, 2, 3]],
					"MonsterPos": [[0, 3], [3, 3], [1, 5]],
					"GoalPos": [(0, 1), (3, 3), (3, 1)],
					"Swaps":5,
					"AiSolution": [[3, 'd'], [[3, 2], 's'], [3, 'l'], [[1, 2], 's'], [1, 'l'], [[2, 3], 's'], [3, 'l'], [3, 'u'], [3, 'l'], [[3, 1], 's'], [1, 'l'], [3, 'l'], [[1, 3], 's'], [3, 'd'], [3, 'd']]
					}