this.level3 = {
	"boardInfo":[[3, 1, 2, 3, 1, 1], [1, 2, 1, 3, 3, 3], [3, 1, 1, 2, 1, 2], [3, 2, 2, 2, 1, 1], [2, 1, 3, 2, 2, 1], [2, 1, 1, 2, 2, 3]],
	"MonsterPos": [[1, 2], [4, 4], [4, 0]],
	"GoalPos": [(3, 2), (4, 0), (0, 3)],
	"Swaps":4,
	"AiSolution": [[2, 'l'], [2, 'u'], [2, 'l'], [2, 'l'], [3, 'u'], [3, 'u'], [[3, 1], 's'], [1, 'r'], 'sad', [[1, 2], 's'], [1, 'd'], [1, 'd'], [1, 'l'], [2, 'l'], [[2, 3], 's'], [3, 'r'], [3, 'u'], [[2, 1], 's'], [2, 'd']]
	}
this.level5 = {
	"boardInfo":[[1, 1, 2, 3, 2, 3], [2, 3, 3, 3, 3, 3], [1, 1, 3, 2, 3, 2], [1, 2, 3, 1, 1, 2], [2, 1, 2, 2, 1, 2], [3, 2, 3, 1, 3, 3]],
	"MonsterPos": [[3, 5], [3, 0], [5, 4]],
	"GoalPos": [(2, 1), (1, 0), (0, 3)],
	"Swaps":4,
	"AiSolution": [[1, 'l'], [1, 'l'], [[1, 3], 's'], [1, 'l'], [1, 'u'], [1, 'u'], [1, 'l'], [3, 'u'], [3, 'u'], [[3, 1], 's'], [1, 'd'], [1, 'l'], [2, 'r'], [3, 'u'], [3, 'u'], [3, 'l'], [3, 'u'], [[2, 3], 's'], [1, 'r'], [2, 'r'], [2, 'u'], [2, 'u'], [2, 'l'], [[3, 2], 's'], [2, 'l']]
	}
this.level7 = {
	"boardInfo":[[3, 1, 3, 3, 1, 3], [2, 3, 2, 3, 2, 2], [3, 1, 3, 1, 3, 3], [3, 1, 2, 2, 1, 3], [1, 2, 1, 1, 1, 2], [2, 2, 3, 3, 1, 2]],
	"MonsterPos": [[2, 4], [1, 2], [3, 1]],
	"GoalPos": [(0, 1), (2, 1), (0, 2)],
	"Swaps":5,
	"AiSolution": [[1, 'l'], [3, 'l'], [3, 'u'], [[3, 1], 's'], [1, 'u'], [1, 'u'], [1, 'l'], [3, 'r'], [[1, 3], 's'], [3, 'r'], [[3, 2], 's'], [1, 'l'], [2, 'l'], [3, 'u'], [[2, 1], 's'], [2, 'd'], [[1, 3], 's'], [3, 'u']]
	}
				this.level12 = {
					"boardInfo":[[1, 3, 2, 3, 1, 2], [2, 1, 3, 1, 2, 3], [3, 3, 2, 2, 1, 3], [1, 2, 1, 2, 3, 2], [2, 2, 3, 3, 1, 2], [3, 2, 3, 1, 3, 3]],
					"MonsterPos": [[3, 4], [3, 4], [1, 5]],
					"GoalPos": [(0, 4), (2, 5), (3, 4)],
					"Swaps":4,
					"AiSolution": [[1, 'u'], [3, 'd'], [[1, 2], 's'], [1, 'u'], [2, 'u'], [[3, 1], 's'], [3, 'd'], [[2, 1], 's'], [1, 'u'], [2, 'r'], [[2, 3], 's'], [3, 'l']]
					}
				this.level17 = {
					"boardInfo":[[1, 3, 3, 3, 1, 1], [1, 2, 2, 2, 1, 2], [2, 2, 1, 3, 1, 3], [1, 1, 3, 1, 1, 2], [2, 1, 3, 2, 2, 1], [3, 1, 3, 3, 2, 1]],
					"MonsterPos": [[3, 3], [3, 0], [2, 5]],
					"GoalPos": [(1, 2), (1, 5), (0, 5)],
					"Swaps":4,
					"AiSolution": [[1, 'r'], [1, 'u'], [1, 'u'], [1, 'u'], [2, 'u'], [2, 'r'], [2, 'u'], [2, 'r'], [2, 'r'], [[1, 3], 's'], [1, 'l'], [1, 'l'], 'sad', [[3, 2], 's'], [2, 'r'], [[1, 3], 's'], [1, 'd'], [[2, 1], 's'], [2, 'r']]
					}
				this.level22 = {
					"boardInfo":[[2, 1, 3, 3, 2, 3], [2, 1, 3, 3, 1, 2], [2, 1, 2, 2, 1, 2], [3, 3, 2, 2, 2, 3], [3, 1, 3, 1, 3, 1], [3, 2, 3, 1, 1, 2]],
					"MonsterPos": [[0, 4], [2, 4], [2, 1]],
					"GoalPos": [(4, 2), (2, 1), (0, 1)],
					"Swaps":4,
					"AiSolution": [[1, 'd'], [2, 'l'], [2, 'l'], [[1, 3], 's'], [1, 'l'], [3, 'u'], [[2, 1], 's'], [1, 'd'], [1, 'l'], [1, 'd'], [3, 'u'], [[3, 2], 's'], [2, 'l'], [[1, 3], 's'], [1, 'd']]
					}
				this.level23 = {
					"boardInfo":[[2, 2, 2, 2, 3, 1], [2, 1, 2, 1, 2, 2], [3, 1, 3, 1, 2, 1], [1, 2, 1, 2, 1, 3], [2, 3, 2, 3, 3, 2], [3, 2, 3, 2, 1, 3]],
					"MonsterPos": [[0, 5], [4, 0], [3, 2]],
					"GoalPos": [(2, 3), (2, 4), (5, 1)],
					"Swaps":6,
					"AiSolution": [[[2, 3], 's'], [2, 'r'], [3, 'd'], [[3, 2], 's'], [2, 'u'], [[2, 1], 's'], [1, 'd'], [1, 'l'], [1, 'd'], [2, 'u'], [2, 'u'], [3, 'l'], [[1, 2], 's'], [1, 'l'], [1, 'u'], [2, 'u'], [2, 'r'], [2, 'r'], [[2, 3], 's'], [2, 'r'], [3, 'd'], [[3, 2], 's'], [1, 'd'], [2, 'd'], [2, 'd']]
					}
				this.level24 = {
					"boardInfo":[[3, 1, 2, 1, 3, 1], [2, 3, 1, 3, 1, 3], [1, 3, 3, 3, 3, 2], [2, 2, 1, 2, 3, 1], [1, 3, 2, 2, 2, 2], [1, 1, 3, 1, 3, 3]],
					"MonsterPos": [[3, 0], [5, 4], [5, 1]],
					"GoalPos": [(5, 4), (1, 3), (4, 2)],
					"Swaps":4,
					"AiSolution": [[1, 'u'], [2, 'u'], [2, 'l'], [2, 'u'], [3, 'u'], [[3, 1], 's'], [1, 'r'], [1, 'r'], [1, 'r'], [1, 'r'], [1, 'd'], [[1, 2], 's'], [1, 'l'], [1, 'd'], [2, 'u'], [2, 'u'], [[3, 1], 's'], [1, 'd'], [3, 'r'], [[2, 1], 's'], [1, 'r']]
					}
				this.level25 = {
					"boardInfo":[[1, 2, 2, 3, 2, 3], [3, 2, 1, 1, 3, 2], [1, 3, 1, 3, 2, 3], [1, 1, 2, 1, 3, 1], [3, 3, 1, 2, 3, 1], [3, 1, 1, 1, 3, 1]],
					"MonsterPos": [[3, 1], [2, 1], [5, 5]],
					"GoalPos": [(5, 1), (0, 5), (2, 1)],
					"Swaps":5,
					"AiSolution": [[2, 'u'], [2, 'u'], [2, 'r'], [3, 'l'], [3, 'u'], [3, 'u'], [[2, 3], 's'], [2, 'r'], [3, 'u'], [[3, 2], 's'], [2, 'r'], [3, 'l'], [[1, 3], 's'], [1, 'd'], [3, 'l'], [[3, 1], 's'], [1, 'd'], [3, 'l'], [[2, 3], 's'], [2, 'r']]
					}
				this.level27 = {
					"boardInfo":[[1, 2, 3, 2, 3, 3], [1, 2, 3, 2, 2, 1], [2, 3, 1, 1, 3, 1], [1, 2, 3, 1, 3, 3], [2, 1, 1, 3, 2, 2], [2, 3, 3, 2, 3, 2]],
					"MonsterPos": [[2, 5], [4, 0], [0, 0]],
					"GoalPos": [(2, 1), (0, 2), (1, 5)],
					"Swaps":7,
					"AiSolution": [[1, 'u'], [[1, 2], 's'], [1, 'l'], [1, 'l'], [2, 'u'], [[2, 1], 's'], [1, 'd'], [1, 'l'], [2, 'u'], [[2, 3], 's'], [2, 'r'], [3, 'r'], [3, 'd'], [[3, 2], 's'], [2, 'u'], [2, 'u'], [3, 'r'], [[2, 3], 's'], [2, 'r'], [3, 'r'], [3, 'r'], [[1, 2], 's'], [1, 'l'], [[2, 3], 's'], [3, 'r']]
					}
				this.level31 = {
					"boardInfo":[[1, 3, 2, 1, 1, 2], [1, 3, 2, 3, 1, 2], [1, 1, 3, 1, 2, 2], [3, 3, 2, 1, 2, 3], [2, 1, 1, 3, 3, 1], [3, 3, 2, 3, 1, 3]],
					"MonsterPos": [[0, 0], [0, 3], [1, 4]],
					"GoalPos": [(1, 5), (1, 3), (3, 2)],
					"Swaps":4,
					"AiSolution": [[1, 'd'], [1, 'd'], [1, 'r'], [3, 'l'], [[1, 3], 's'], [1, 'r'], [2, 'l'], [2, 'd'], [3, 'd'], [3, 'd'], [[1, 2], 's'], [1, 'u'], [1, 'u'], [[3, 1], 's'], [1, 'r'], [1, 'r'], [1, 'd'], [2, 'r'], [3, 'l'], [[1, 3], 's'], [1, 'r']]
					}
				this.level33 = {
					"boardInfo":[[1, 3, 1, 3, 2, 3], [1, 3, 3, 2, 2, 1], [3, 2, 2, 2, 1, 1], [3, 2, 2, 1, 1, 1], [2, 1, 3, 1, 1, 1], [1, 2, 2, 1, 2, 1]],
					"MonsterPos": [[3, 0], [2, 0], [1, 5]],
					"GoalPos": [(1, 5), (4, 1), (1, 2)],
					"Swaps":4,
					"AiSolution": [[2, 'r'], [2, 'd'], [2, 'r'], [[3, 2], 's'], [2, 'd'], [3, 'l'], [3, 'l'], [[1, 3], 's'], [1, 'r'], [1, 'u'], [1, 'r'], [1, 'r'], [1, 'u'], [1, 'r'], [[3, 2], 's'], [2, 'l'], [3, 'l'], [[2, 1], 's'], [1, 'r']]
					}
				this.level35 = {
					"boardInfo":[[2, 1, 1, 1, 2, 3], [2, 2, 3, 3, 1, 3], [3, 3, 2, 3, 2, 3], [3, 2, 2, 3, 2, 1], [3, 3, 1, 1, 3, 2], [1, 2, 1, 1, 1, 3]],
					"MonsterPos": [[2, 1], [3, 5], [2, 2]],
					"GoalPos": [(4, 2), (1, 1), (2, 5)],
					"Swaps":4,
					"AiSolution": [[2, 'l'], [2, 'u'], [3, 'r'], [3, 'd'], [[2, 3], 's'], [2, 'l'], [2, 'u'], [2, 'l'], [3, 'r'], [3, 'u'], [[3, 2], 's'], [2, 'l'], [2, 'l'], [3, 'r'], [[1, 3], 's'], 'sad', [2, 'r'], [[3, 1], 's'], [1, 'r']]
					}
				this.level39 = {
					"boardInfo":[[3, 2, 3, 3, 2, 2], [3, 1, 2, 1, 2, 1], [1, 1, 3, 1, 1, 1], [1, 2, 2, 3, 2, 1], [1, 3, 2, 1, 2, 1], [2, 1, 1, 1, 3, 1]],
					"MonsterPos": [[0, 4], [0, 1], [2, 5]],
					"GoalPos": [(3, 2), (5, 3), (1, 3)],
					"Swaps":5,
					"AiSolution": [[[2, 1], 's'], [1, 'd'], [2, 'd'], [2, 'd'], [2, 'l'], [2, 'd'], [2, 'd'], [[3, 2], 's'], [2, 'r'], 'sad', [[1, 3], 's'], [1, 'l'], [1, 'd'], [[2, 1], 's'], [1, 'l'], [2, 'd'], [2, 'r'], [2, 'r'], [[1, 3], 's'], [1, 'd']]
					}
				this.level41 = {
					"boardInfo":[[1, 1, 1, 3, 1, 3], [1, 1, 2, 1, 2, 3], [1, 1, 2, 3, 1, 1], [3, 1, 3, 2, 3, 3], [3, 1, 2, 2, 1, 2], [1, 2, 3, 2, 2, 2]],
					"MonsterPos": [[2, 4], [2, 1], [1, 4]],
					"GoalPos": [(0, 5), (2, 5), (2, 4)],
					"Swaps":4,
					"AiSolution": [[1, 'r'], [2, 'r'], [[3, 2], 's'], [2, 'r'], [[1, 2], 's'], [1, 'u'], [1, 'u'], [2, 'r'], [[1, 3], 's'], [2, 'r'], [[2, 3], 's'], [3, 'd']]
					}
				this.level42 = {
					"boardInfo":[[2, 1, 1, 1, 2, 1], [2, 1, 1, 3, 1, 3], [3, 1, 2, 3, 3, 2], [3, 1, 1, 2, 2, 3], [1, 2, 1, 1, 3, 1], [1, 2, 1, 3, 2, 3]],
					"MonsterPos": [[0, 2], [1, 1], [0, 0]],
					"GoalPos": [(1, 5), (4, 0), (1, 3)],
					"Swaps":4,
					"AiSolution": [[1, 'r'], [2, 'l'], [[1, 3], 's'], [1, 'd'], [1, 'd'], [1, 'r'], [3, 'r'], [3, 'd'], [3, 'r'], [[2, 1], 's'], [1, 'r'], [2, 'd'], [2, 'd'], [3, 'u'], [3, 'r'], [[3, 2], 's'], [2, 'd'], [3, 'd'], [[1, 3], 's'], [1, 'u']]
					}
				this.level43 = {
					"boardInfo":[[3, 1, 2, 3, 1, 2], [2, 2, 3, 3, 1, 2], [2, 1, 2, 1, 2, 2], [2, 1, 1, 3, 3, 2], [1, 2, 1, 1, 1, 3], [2, 1, 1, 3, 1, 2]],
					"MonsterPos": [[2, 3], [2, 0], [4, 5]],
					"GoalPos": [(4, 2), (4, 1), (4, 0)],
					"Swaps":4,
					"AiSolution": [[2, 'd'], [[3, 1], 's'], [1, 'd'], [3, 'l'], [3, 'l'], [3, 'l'], [[3, 2], 's'], [2, 'r'], [3, 'l'], [[2, 3], 's'], [3, 'l'], [[1, 3], 's'], [1, 'l'], [1, 'd'], [2, 'd']]
					}
				this.level44 = {
					"boardInfo":[[2, 1, 2, 1, 2, 3], [1, 2, 1, 3, 2, 2], [3, 3, 2, 3, 1, 1], [1, 3, 1, 1, 1, 2], [3, 1, 2, 2, 2, 2], [2, 3, 2, 2, 2, 1]],
					"MonsterPos": [[5, 5], [2, 2], [1, 1]],
					"GoalPos": [(0, 5), (0, 0), (2, 0)],
					"Swaps":5,
					"AiSolution": [[3, 'd'], [[2, 1], 's'], [1, 'u'], [1, 'u'], [2, 'u'], [[1, 2], 's'], [1, 'u'], [2, 'u'], [[2, 1], 's'], [1, 'u'], [1, 'l'], [1, 'u'], [2, 'l'], [3, 'l'], [[1, 2], 's'], [2, 'l'], [[1, 3], 's'], [1, 'r']]
					}
				this.level47 = {
					"boardInfo":[[1, 3, 1, 3, 3, 3], [3, 2, 1, 1, 1, 1], [3, 2, 1, 1, 1, 1], [2, 2, 3, 1, 2, 2], [3, 1, 2, 2, 2, 2], [2, 2, 3, 2, 3, 3]],
					"MonsterPos": [[2, 2], [4, 5], [2, 0]],
					"GoalPos": [(2, 4), (4, 4), (5, 5)],
					"Swaps":4,
					"AiSolution": [[1, 'u'], [1, 'r'], [1, 'r'], [2, 'u'], [2, 'l'], [[3, 2], 's'], [3, 'r'], [[1, 3], 's'], [3, 'r'], [3, 'r'], [3, 'r'], [3, 'r'], [[3, 1], 's'], [1, 'd'], [3, 'd'], [3, 'd'], [[2, 3], 's'], [2, 'd'], [3, 'd']]
					}
				this.level49 = {
					"boardInfo":[[1, 1, 2, 3, 1, 1], [3, 2, 2, 1, 2, 3], [1, 3, 2, 2, 3, 1], [3, 1, 1, 3, 2, 2], [2, 2, 2, 3, 2, 2], [3, 2, 1, 1, 1, 1]],
					"MonsterPos": [[0, 2], [4, 5], [5, 0]],
					"GoalPos": [(5, 3), (1, 0), (4, 3)],
					"Swaps":5,
					"AiSolution": [[2, 'u'], [2, 'l'], [[1, 2], 's'], [1, 'd'], [1, 'd'], [1, 'r'], [[1, 3], 's'], [1, 'd'], [1, 'd'], [3, 'u'], [3, 'r'], [3, 'r'], [[2, 1], 's'], [1, 'd'], [1, 'l'], [2, 'u'], [[3, 2], 's'], [1, 'r'], 'sad', [3, 'r'], [[2, 3], 's'], [2, 'l']]
					}
				this.level50 = {
					"boardInfo":[[1, 1, 1, 3, 1, 1], [2, 1, 3, 1, 1, 1], [3, 3, 1, 2, 2, 1], [2, 1, 1, 2, 1, 2], [2, 1, 2, 2, 2, 1], [1, 2, 3, 3, 2, 3]],
					"MonsterPos": [[5, 1], [1, 3], [5, 4]],
					"GoalPos": [(0, 4), (3, 4), (1, 3)],
					"Swaps":4,
					"AiSolution": [[1, 'u'], [1, 'u'], [1, 'r'], [1, 'u'], [2, 'd'], [2, 'r'], [3, 'l'], [[3, 2], 's'], [1, 'd'], [3, 'u'], [3, 'u'], [3, 'u'], [[1, 3], 's'], [1, 'r'], [1, 'u'], [3, 'u'], [[3, 1], 's'], [1, 'u'], [1, 'r'], [1, 'u'], [[1, 2], 's'], [2, 'd']]
					}
				this.level52 = {
					"boardInfo":[[2, 1, 3, 1, 1, 3], [3, 3, 2, 3, 3, 3], [2, 1, 3, 3, 3, 2], [3, 3, 1, 2, 3, 1], [1, 2, 3, 1, 2, 3], [2, 1, 2, 2, 1, 2]],
					"MonsterPos": [[5, 2], [5, 1], [0, 0]],
					"GoalPos": [(3, 1), (4, 4), (3, 0)],
					"Swaps":5,
					"AiSolution": [[2, 'u'], [3, 'd'], [[2, 3], 's'], [1, 'l'], [2, 'r'], [3, 'd'], [[3, 1], 's'], [1, 'u'], [[3, 2], 's'], [2, 'r'], [3, 'd'], [[1, 2], 's'], [2, 'r'], [[1, 3], 's'], [1, 'u']]
					}
				this.level53 = {
					"boardInfo":[[1, 2, 1, 2, 2, 2], [3, 1, 2, 3, 1, 2], [1, 3, 2, 3, 3, 1], [3, 3, 3, 2, 2, 2], [2, 2, 2, 1, 1, 3], [2, 3, 3, 1, 1, 3]],
					"MonsterPos": [[2, 0], [3, 5], [0, 4]],
					"GoalPos": [(5, 2), (2, 4), (1, 1)],
					"Swaps":5,
					"AiSolution": [[2, 'l'], [[1, 3], 's'], [1, 'd'], [1, 'r'], [1, 'r'], [3, 'd'], [[3, 1], 's'], [3, 'l'], [[2, 3], 's'], [2, 'u'], [2, 'l'], [3, 'l'], [[1, 3], 's'], [1, 'd'], [2, 'r'], [3, 'l'], [[1, 2], 's'], [1, 'd']]
					}
				this.level69 = {
					"boardInfo":[[2, 2, 3, 2, 3, 1], [2, 3, 3, 3, 3, 3], [2, 3, 1, 1, 2, 3], [2, 2, 3, 2, 3, 2], [1, 1, 2, 2, 1, 2], [1, 3, 2, 2, 3, 3]],
					"MonsterPos": [[1, 2], [5, 3], [4, 1]],
					"GoalPos": [(5, 1), (1, 1), (3, 3)],
					"Swaps":4,
					"AiSolution": [[1, 'd'], [1, 'r'], [2, 'u'], [2, 'u'], [[2, 1], 's'], [2, 'u'], [2, 'l'], [[3, 2], 's'], [1, 'd'], [1, 'd'], [1, 'l'], [1, 'd'], [2, 'u'], [[1, 3], 's'], [2, 'l'], 'sad', [[2, 1], 's'], [1, 'l']]
					}
				this.level74 = {
					"boardInfo":[[1, 2, 2, 2, 3, 1], [3, 2, 1, 3, 3, 2], [3, 2, 2, 2, 2, 3], [2, 2, 1, 2, 2, 3], [3, 2, 1, 3, 2, 3], [3, 2, 3, 2, 1, 2]],
					"MonsterPos": [[2, 0], [3, 2], [5, 4]],
					"GoalPos": [(5, 1), (2, 2), (0, 5)],
					"Swaps":4,
					"AiSolution": [[2, 'u'], [[2, 3], 's'], [3, 'u'], [3, 'u'], [3, 'u'], [[1, 3], 's'], [1, 'd'], [1, 'r'], [1, 'd'], [[3, 2], 's'], [1, 'd'], [3, 'u'], [3, 'u'], [[2, 3], 's'], [3, 'r']]
					}
				this.level78 = {
					"boardInfo":[[3, 1, 2, 1, 1, 1], [2, 3, 3, 3, 2, 1], [1, 1, 2, 3, 1, 1], [1, 1, 2, 1, 3, 1], [3, 3, 2, 3, 1, 2], [2, 1, 3, 1, 2, 2]],
					"MonsterPos": [[4, 2], [3, 1], [0, 4]],
					"GoalPos": [(5, 1), (3, 3), (0, 0)],
					"Swaps":4,
					"AiSolution": [[2, 'r'], [[3, 1], 's'], [1, 'l'], [3, 'l'], [[3, 2], 's'], [2, 'r'], [3, 'l'], [[2, 3], 's'], [3, 'l'], [[1, 3], 's'], [1, 'd'], [3, 'l']]
					}
				this.level79 = {
					"boardInfo":[[2, 2, 3, 3, 2, 2], [1, 2, 1, 2, 1, 2], [1, 2, 2, 2, 3, 3], [1, 1, 2, 3, 3, 3], [1, 2, 3, 1, 2, 1], [3, 3, 1, 1, 1, 2]],
					"MonsterPos": [[1, 2], [4, 0], [5, 2]],
					"GoalPos": [(5, 3), (1, 0), (3, 0)],
					"Swaps":4,
					"AiSolution": [[3, 'u'], [[2, 1], 's'], [1, 'd'], [1, 'r'], [2, 'u'], [2, 'u'], [[1, 3], 's'], [1, 'd'], [2, 'u'], [3, 'u'], [3, 'u'], [3, 'l'], [[3, 2], 's'], [3, 'l'], [3, 'd'], [[1, 3], 's'], [1, 'd'], [1, 'd']]
					}
				this.level82 = {
					"boardInfo":[[2, 3, 1, 3, 3, 2], [2, 1, 3, 3, 1, 1], [2, 1, 3, 2, 2, 3], [2, 3, 3, 1, 2, 3], [3, 1, 1, 3, 2, 3], [2, 1, 1, 3, 1, 1]],
					"MonsterPos": [[0, 2], [5, 2], [1, 0]],
					"GoalPos": [(0, 5), (1, 1), (5, 4)],
					"Swaps":6,
					"AiSolution": [[[2, 1], 's'], [2, 'u'], [2, 'l'], [[3, 2], 's'], [2, 'u'], [2, 'r'], [2, 'u'], [2, 'u'], [3, 'r'], [3, 'd'], [[2, 3], 's'], [3, 'r'], [3, 'u'], [3, 'r'], [[1, 3], 's'], [1, 'r'], [1, 'r'], [2, 'l'], [3, 'd'], [3, 'r'], [3, 'd'], [3, 'd'], [[3, 1], 's'], [1, 'r'], [[3, 2], 's'], [3, 'd']]
					}
				this.level84 = {
					"boardInfo":[[3, 3, 1, 2, 1, 1], [1, 2, 3, 3, 3, 1], [1, 1, 3, 2, 3, 2], [3, 1, 1, 2, 3, 1], [2, 3, 1, 3, 3, 2], [2, 2, 2, 2, 1, 3]],
					"MonsterPos": [[0, 2], [4, 4], [0, 3]],
					"GoalPos": [(5, 3), (2, 0), (4, 3)],
					"Swaps":4,
					"AiSolution": [[3, 'd'], [3, 'r'], [3, 'd'], [3, 'd'], [[3, 2], 's'], [2, 'u'], [2, 'u'], [2, 'u'], [2, 'l'], [2, 'l'], [2, 'd'], [3, 'l'], [[2, 1], 's'], 'sad', [2, 'l'], [2, 'l'], [[1, 3], 's'], [1, 'd'], [[2, 1], 's'], [3, 'd']]
					}
				this.level91 = {
					"boardInfo":[[3, 3, 3, 2, 1, 1], [1, 2, 3, 3, 2, 1], [2, 3, 1, 2, 3, 2], [2, 3, 3, 1, 3, 1], [1, 3, 1, 3, 2, 3], [2, 1, 3, 2, 2, 3]],
					"MonsterPos": [[4, 3], [3, 4], [1, 1]],
					"GoalPos": [(1, 3), (0, 4), (1, 4)],
					"Swaps":4,
					"AiSolution": [[1, 'u'], [3, 'r'], [3, 'r'], [[3, 2], 's'], [2, 'u'], [[2, 3], 's'], [2, 'u'], [[2, 1], 's'], [1, 'u'], [2, 'u'], [[3, 1], 's'], [1, 'u'], [3, 'r']]
					}
				this.level94 = {
					"boardInfo":[[2, 3, 2, 3, 2, 2], [2, 3, 2, 1, 3, 3], [1, 1, 3, 1, 1, 3], [3, 3, 2, 3, 1, 1], [3, 3, 2, 3, 2, 3], [3, 1, 2, 3, 1, 2]],
					"MonsterPos": [[0, 5], [4, 2], [5, 0]],
					"GoalPos": [(4, 1), (0, 2), (1, 1)],
					"Swaps":5,
					"AiSolution": [[2, 'u'], [3, 'u'], [3, 'r'], [3, 'u'], [[3, 1], 's'], [1, 'd'], [1, 'l'], [3, 'u'], [[1, 3], 's'], [1, 'l'], [1, 'd'], [3, 'u'], [[3, 1], 's'], [1, 'd'], [1, 'd'], [[2, 1], 's'], [1, 'l'], [2, 'u'], [[1, 2], 's'], [1, 'l'], [2, 'u'], [2, 'u']]
					}
				this.level99 = {
					"boardInfo":[[1, 1, 2, 1, 1, 3], [3, 2, 3, 1, 3, 1], [3, 1, 1, 2, 1, 3], [1, 1, 3, 1, 2, 1], [3, 1, 3, 2, 3, 3], [2, 1, 3, 2, 2, 3]],
					"MonsterPos": [[3, 0], [4, 5], [2, 1]],
					"GoalPos": [(4, 5), (2, 4), (1, 3)],
					"Swaps":5,
					"AiSolution": [[1, 'r'], [1, 'd'], [[1, 3], 's'], [1, 'r'], [3, 'r'], [[2, 1], 's'], [1, 'r'], [1, 'd'], [1, 'r'], [2, 'l'], [[1, 2], 's'], [1, 'u'], [2, 'u'], [[3, 2], 's'], [1, 'r'], [2, 'u'], [3, 'r'], [[2, 3], 's'], [3, 'u']]
					}
				this.level100 = {
					"boardInfo":[[3, 1, 2, 3, 2, 1], [3, 1, 1, 3, 1, 1], [2, 2, 3, 2, 3, 2], [3, 2, 2, 3, 3, 2], [2, 3, 1, 1, 3, 3], [3, 3, 3, 3, 2, 2]],
					"MonsterPos": [[5, 0], [3, 2], [0, 5]],
					"GoalPos": [(2, 2), (3, 1), (4, 2)],
					"Swaps":5,
					"AiSolution": [[2, 'l'], [2, 'u'], [[3, 1], 's'], [1, 'r'], [1, 'u'], [3, 'd'], [3, 'l'], [[1, 3], 's'], [2, 'd'], 'sad', [[1, 2], 's'], [1, 'u'], [1, 'u'], [[3, 1], 's'], [1, 'r'], [3, 'l'], [[2, 3], 's'], [3, 'd']]
					}
				this.level101 = {
					"boardInfo":[[2, 2, 1, 3, 1, 2], [1, 2, 1, 2, 1, 3], [2, 2, 1, 2, 2, 3], [3, 1, 2, 2, 3, 3], [2, 2, 3, 3, 1, 3], [1, 3, 2, 1, 3, 2]],
					"MonsterPos": [[4, 4], [1, 5], [3, 1]],
					"GoalPos": [(5, 2), (5, 4), (4, 1)],
					"Swaps":4,
					"AiSolution": [[[2, 3], 's'], [2, 'd'], [2, 'd'], [2, 'l'], [[1, 2], 's'], [1, 'l'], [1, 'l'], [3, 'd'], [[3, 1], 's'], [1, 'd'], [2, 'd'], [[2, 3], 's'], [2, 'd']]
					}
				this.level105 = {
					"boardInfo":[[1, 2, 1, 3, 1, 2], [3, 1, 1, 1, 2, 1], [3, 3, 1, 2, 1, 2], [1, 1, 2, 3, 2, 1], [1, 1, 1, 1, 2, 3], [3, 1, 3, 3, 3, 3]],
					"MonsterPos": [[5, 4], [5, 4], [2, 5]],
					"GoalPos": [(1, 5), (5, 3), (0, 4)],
					"Swaps":5,
					"AiSolution": [[2, 'u'], [[1, 2], 's'], [1, 'u'], [1, 'u'], [2, 'l'], [[2, 3], 's'], [3, 'u'], [[3, 1], 's'], [1, 'u'], [3, 'u'], [[1, 3], 's'], [1, 'u'], [2, 'd'], [3, 'l'], [[3, 1], 's'], [1, 'r']]
					}
				this.level109 = {
					"boardInfo":[[1, 1, 3, 2, 1, 2], [3, 1, 3, 2, 2, 2], [1, 3, 1, 2, 3, 3], [2, 1, 1, 1, 2, 1], [2, 3, 3, 1, 1, 3], [2, 1, 2, 2, 3, 1]],
					"MonsterPos": [[3, 0], [1, 1], [3, 4]],
					"GoalPos": [(4, 0), (3, 0), (2, 3)],
					"Swaps":4,
					"AiSolution": [[3, 'u'], [[3, 2], 's'], [2, 'l'], [3, 'u'], [3, 'l'], [[1, 2], 's'], [2, 'd'], [3, 'd'], [[1, 3], 's'], [1, 'd'], [[2, 1], 's'], [2, 'd']]
					}
				this.level110 = {
					"boardInfo":[[3, 3, 2, 1, 3, 2], [1, 2, 3, 3, 3, 2], [2, 1, 2, 2, 1, 1], [1, 2, 2, 1, 3, 3], [1, 1, 1, 3, 2, 3], [2, 1, 2, 2, 2, 2]],
					"MonsterPos": [[5, 3], [0, 3], [4, 2]],
					"GoalPos": [(2, 2), (3, 0), (2, 5)],
					"Swaps":5,
					"AiSolution": [[2, 'l'], [[3, 2], 's'], [2, 'l'], [2, 'l'], [3, 'u'], [3, 'u'], [3, 'r'], [[2, 1], 's'], [1, 'u'], [2, 'd'], [[3, 2], 's'], [2, 'd'], [3, 'r'], [3, 'r'], [[1, 3], 's'], [1, 'u'], [[2, 1], 's'], [1, 'u'], [1, 'l'], [2, 'd']]
					}
				this.level111 = {
					"boardInfo":[[3, 1, 3, 2, 1, 1], [1, 3, 2, 1, 2, 1], [1, 3, 2, 3, 1, 1], [2, 1, 1, 2, 1, 1], [1, 2, 2, 3, 2, 2], [1, 2, 1, 3, 2, 3]],
					"MonsterPos": [[2, 0], [1, 3], [1, 0]],
					"GoalPos": [(0, 5), (2, 0), (4, 4)],
					"Swaps":6,
					"AiSolution": [[1, 'u'], [2, 'l'], [2, 'd'], [3, 'r'], [3, 'd'], [[3, 1], 's'], [1, 'r'], [3, 'd'], [3, 'r'], [[1, 2], 's'], [1, 'r'], [2, 'l'], [[3, 1], 's'], [1, 'r'], [3, 'r'], [[1, 3], 's'], [1, 'u'], [3, 'r'], [[3, 1], 's'], [1, 'r'], [1, 'r'], [3, 'd'], [[2, 1], 's'], [2, 'l']]
					}
				this.level113 = {
					"boardInfo":[[2, 3, 3, 3, 3, 1], [1, 2, 1, 1, 3, 1], [2, 1, 1, 3, 2, 2], [3, 1, 3, 1, 3, 2], [3, 2, 1, 3, 2, 1], [3, 2, 1, 3, 2, 1]],
					"MonsterPos": [[3, 5], [5, 1], [5, 5]],
					"GoalPos": [(2, 5), (5, 4), (1, 5)],
					"Swaps":5,
					"AiSolution": [[[2, 1], 's'], [1, 'u'], [1, 'l'], [2, 'r'], [[3, 2], 's'], [1, 'r'], [2, 'r'], [3, 'u'], [[1, 3], 's'], [3, 'u'], [3, 'u'], [3, 'l'], [[3, 2], 's'], [2, 'r'], [3, 'u'], [[3, 1], 's'], [3, 'r']]
					}
				this.level119 = {
					"boardInfo":[[2, 2, 1, 1, 3, 3], [1, 2, 2, 2, 2, 2], [2, 3, 3, 1, 1, 2], [2, 3, 3, 2, 1, 3], [1, 2, 3, 2, 2, 2], [1, 2, 1, 1, 1, 3]],
					"MonsterPos": [[5, 4], [3, 1], [2, 2]],
					"GoalPos": [(1, 0), (1, 5), (5, 3)],
					"Swaps":4,
					"AiSolution": [[1, 'l'], [1, 'l'], [3, 'd'], [3, 'd'], [[1, 3], 's'], [1, 'u'], [1, 'u'], [1, 'l'], [1, 'u'], [[2, 1], 's'], [1, 'u'], [1, 'u'], [1, 'l'], [2, 'u'], [2, 'r'], [3, 'd'], [[1, 2], 's'], [2, 'u'], [2, 'r'], [2, 'r'], [2, 'r'], [3, 'r'], [[3, 1], 's'], [1, 'd']]
					}
				this.level120 = {
					"boardInfo":[[3, 1, 3, 2, 1, 3], [1, 1, 1, 2, 2, 3], [2, 1, 1, 2, 3, 3], [2, 3, 1, 1, 2, 1], [2, 3, 1, 2, 1, 2], [2, 1, 3, 2, 3, 1]],
					"MonsterPos": [[1, 2], [5, 5], [2, 0]],
					"GoalPos": [(0, 5), (5, 0), (3, 0)],
					"Swaps":5,
					"AiSolution": [[2, 'u'], [[1, 2], 's'], [1, 'r'], [1, 'u'], [2, 'l'], [[2, 1], 's'], [1, 'r'], [2, 'l'], [2, 'd'], [[3, 2], 's'], [2, 'l'], [[2, 1], 's'], [1, 'r'], [2, 'l'], [3, 'd'], [[2, 3], 's'], [2, 'l']]
					}
				this.level121 = {
					"boardInfo":[[3, 3, 1, 1, 2, 2], [2, 2, 3, 1, 2, 1], [1, 1, 3, 3, 1, 1], [1, 1, 2, 3, 1, 1], [3, 1, 1, 2, 1, 1], [3, 3, 3, 2, 3, 2]],
					"MonsterPos": [[3, 4], [1, 5], [3, 5]],
					"GoalPos": [(5, 2), (1, 4), (5, 5)],
					"Swaps":4,
					"AiSolution": [[2, 'u'], [2, 'l'], [[3, 1], 's'], [1, 'l'], [1, 'u'], [1, 'l'], [3, 'l'], [3, 'd'], [[1, 3], 's'], [1, 'l'], [1, 'd'], [1, 'd'], [1, 'r'], [2, 'd'], [3, 'd'], [[3, 1], 's'], [1, 'd'], [3, 'u'], [3, 'r'], [[3, 2], 's'], [3, 'd']]
					}
				this.level123 = {
					"boardInfo":[[3, 2, 3, 2, 3, 1], [3, 3, 2, 2, 1, 1], [3, 1, 1, 2, 2, 1], [3, 2, 3, 3, 3, 1], [3, 1, 3, 2, 1, 1], [2, 2, 2, 2, 2, 2]],
					"MonsterPos": [[2, 3], [2, 2], [1, 0]],
					"GoalPos": [(5, 3), (3, 1), (3, 4)],
					"Swaps":4,
					"AiSolution": [[2, 'u'], [3, 'r'], [[3, 1], 's'], [1, 'd'], [3, 'd'], [3, 'r'], [[1, 2], 's'], [1, 'd'], [2, 'l'], [2, 'l'], [2, 'd'], [2, 'd'], [[2, 3], 's'], [1, 'd'], [3, 'd'], [3, 'r'], [3, 'r'], [[1, 2], 's'], [2, 'r']]
					}
				this.level124 = {
					"boardInfo":[[1, 1, 3, 1, 1, 3], [1, 3, 2, 2, 1, 2], [1, 2, 1, 2, 3, 2], [2, 3, 2, 2, 1, 3], [3, 1, 2, 3, 2, 1], [1, 1, 1, 3, 1, 2]],
					"MonsterPos": [[4, 5], [0, 0], [3, 2]],
					"GoalPos": [(1, 2), (0, 5), (1, 4)],
					"Swaps":6,
					"AiSolution": [[[1, 2], 's'], [1, 'l'], [2, 'r'], [[3, 1], 's'], [1, 'l'], [3, 'r'], [3, 'u'], [[1, 3], 's'], [1, 'u'], [1, 'u'], [1, 'u'], [3, 'r'], [[2, 3], 's'], [2, 'r'], [3, 'u'], [[3, 2], 's'], [1, 'l'], [2, 'r'], [2, 'r'], [[2, 3], 's'], [2, 'r']]
					}
				this.level125 = {
					"boardInfo":[[1, 1, 3, 1, 2, 1], [3, 2, 2, 3, 2, 1], [2, 3, 3, 2, 3, 3], [3, 2, 3, 1, 3, 3], [2, 1, 1, 1, 1, 1], [1, 2, 2, 1, 2, 1]],
					"MonsterPos": [[1, 5], [2, 3], [4, 5]],
					"GoalPos": [(4, 1), (1, 4), (4, 2)],
					"Swaps":5,
					"AiSolution": [[[1, 3], 's'], [1, 'd'], [1, 'l'], [1, 'd'], [3, 'l'], [3, 'l'], [3, 'u'], [[3, 1], 's'], [1, 'l'], [1, 'd'], [1, 'l'], [1, 'l'], [3, 'l'], [[3, 2], 's'], [2, 'u'], [[2, 3], 's'], [2, 'r'], [[1, 3], 's'], [3, 'd']]
					}
				this.level126 = {
					"boardInfo":[[2, 2, 2, 2, 2, 3], [2, 1, 3, 3, 1, 1], [2, 3, 3, 3, 3, 2], [1, 3, 2, 1, 2, 1], [1, 3, 1, 2, 2, 3], [3, 2, 3, 1, 3, 1]],
					"MonsterPos": [[2, 0], [1, 2], [3, 5]],
					"GoalPos": [(4, 1), (5, 2), (2, 2)],
					"Swaps":4,
					"AiSolution": [[1, 'd'], [1, 'd'], [[2, 3], 's'], [2, 'd'], [2, 'l'], [2, 'd'], [2, 'd'], [3, 'u'], [[3, 2], 's'], [2, 'd'], [3, 'l'], [3, 'l'], [3, 'l'], [[3, 1], 's'], [1, 'r'], [[2, 1], 's'], [2, 'r']]
					}
				this.level128 = {
					"boardInfo":[[2, 1, 2, 1, 3, 2], [2, 3, 2, 3, 2, 3], [2, 2, 3, 2, 3, 1], [2, 3, 2, 1, 1, 1], [1, 2, 1, 1, 1, 3], [3, 3, 3, 2, 1, 2]],
					"MonsterPos": [[0, 2], [3, 0], [3, 1]],
					"GoalPos": [(0, 3), (0, 4), (5, 2)],
					"Swaps":5,
					"AiSolution": [[2, 'u'], [2, 'u'], [[2, 3], 's'], [2, 'r'], [3, 'd'], [[3, 2], 's'], [1, 'l'], [2, 'r'], [2, 'u'], [3, 'd'], [[2, 1], 's'], [2, 'r'], [3, 'r'], [[2, 3], 's'], [1, 'r'], [2, 'r'], [[1, 3], 's'], [1, 'r']]
					}
				this.level131 = {
					"boardInfo":[[3, 2, 1, 3, 2, 3], [3, 2, 1, 1, 3, 2], [1, 1, 2, 3, 3, 3], [1, 2, 1, 2, 3, 3], [1, 1, 3, 1, 3, 1], [1, 1, 3, 2, 1, 3]],
					"MonsterPos": [[0, 5], [4, 4], [2, 2]],
					"GoalPos": [(5, 2), (0, 0), (2, 3)],
					"Swaps":6,
					"AiSolution": [[[2, 1], 's'], [1, 'l'], [2, 'l'], [3, 'r'], [[3, 1], 's'], [1, 'd'], [1, 'd'], [1, 'd'], [1, 'd'], [[1, 2], 's'], [1, 'd'], [2, 'l'], [[2, 1], 's'], [1, 'u'], 'sad', [[1, 2], 's'], [1, 'l'], [2, 'u'], [2, 'u'], [[2, 1], 's'], [1, 'l'], [1, 'd']]
					}
				this.level134 = {
					"boardInfo":[[1, 2, 1, 2, 2, 2], [2, 3, 2, 2, 1, 1], [3, 1, 1, 1, 1, 1], [3, 3, 2, 3, 3, 2], [2, 3, 2, 2, 2, 3], [3, 1, 1, 1, 2, 1]],
					"MonsterPos": [[5, 4], [2, 5], [1, 1]],
					"GoalPos": [(3, 5), (4, 5), (1, 5)],
					"Swaps":4,
					"AiSolution": [[1, 'l'], [1, 'l'], [1, 'l'], [2, 'd'], [[1, 3], 's'], [1, 'u'], [1, 'u'], [3, 'd'], [3, 'r'], [3, 'r'], [3, 'r'], [3, 'u'], [3, 'r'], [[3, 1], 's'], [1, 'u'], [1, 'r'], [1, 'r'], [1, 'r'], [1, 'r'], [[2, 3], 's'], [2, 'd'], [[1, 3], 's'], [1, 'd']]
					}
				this.level135 = {
					"boardInfo":[[1, 1, 2, 1, 3, 1], [3, 3, 3, 2, 2, 3], [3, 2, 1, 3, 3, 2], [3, 1, 3, 2, 1, 1], [3, 1, 2, 2, 2, 1], [1, 1, 1, 3, 2, 2]],
					"MonsterPos": [[3, 4], [5, 5], [0, 4]],
					"GoalPos": [(5, 1), (3, 1), (3, 5)],
					"Swaps":5,
					"AiSolution": [[2, 'l'], [2, 'u'], [2, 'l'], [2, 'u'], [[2, 3], 's'], [2, 'l'], [3, 'd'], [[1, 3], 's'], [1, 'l'], [1, 'd'], [1, 'l'], [[3, 2], 's'], [2, 'l'], [3, 'd'], [[2, 1], 's'], [1, 'l'], [1, 'd'], [[1, 3], 's'], [3, 'd'], [3, 'r']]
					}
				this.level137 = {
					"boardInfo":[[1, 1, 1, 2, 3, 2], [1, 3, 2, 2, 1, 1], [3, 3, 3, 1, 2, 1], [2, 1, 3, 2, 2, 3], [2, 3, 1, 3, 1, 2], [3, 2, 3, 3, 3, 2]],
					"MonsterPos": [[0, 1], [2, 4], [5, 5]],
					"GoalPos": [(4, 1), (1, 3), (3, 4)],
					"Swaps":4,
					"AiSolution": [[3, 'l'], [3, 'l'], [3, 'u'], [[1, 3], 's'], [1, 'd'], [1, 'd'], [1, 'l'], [2, 'd'], [2, 'l'], [3, 'r'], [[2, 1], 's'], [1, 'd'], [1, 'd'], [2, 'l'], [2, 'u'], [2, 'l'], [2, 'u'], [[1, 2], 's'], [1, 'r'], [2, 'r'], [2, 'r'], [[3, 2], 's'], [3, 'u']]
					}
				this.level138 = {
					"boardInfo":[[1, 1, 3, 3, 1, 1], [2, 1, 2, 3, 3, 1], [2, 2, 1, 1, 1, 3], [3, 1, 2, 1, 1, 3], [2, 2, 3, 1, 3, 1], [2, 2, 3, 1, 1, 2]],
					"MonsterPos": [[4, 3], [0, 2], [2, 4]],
					"GoalPos": [(0, 0), (4, 1), (0, 3)],
					"Swaps":4,
					"AiSolution": [[1, 'u'], [1, 'u'], [1, 'l'], [2, 'd'], [3, 'u'], [3, 'l'], [[1, 2], 's'], 'sad', [2, 'l'], [3, 'u'], [3, 'l'], [[2, 1], 's'], [1, 'u'], [2, 'd'], [[1, 2], 's'], [2, 'd'], [3, 'r'], [[2, 1], 's'], [2, 'd']]
					}
				this.level140 = {
					"boardInfo":[[2, 1, 1, 1, 2, 1], [3, 1, 3, 3, 1, 2], [2, 2, 1, 3, 2, 1], [2, 3, 2, 1, 3, 2], [2, 3, 2, 2, 2, 2], [2, 1, 1, 1, 1, 3]],
					"MonsterPos": [[5, 5], [1, 3], [1, 1]],
					"GoalPos": [(0, 5), (5, 4), (5, 5)],
					"Swaps":6,
					"AiSolution": [[[2, 3], 's'], [2, 'd'], [3, 'd'], [3, 'l'], [3, 'd'], [3, 'd'], [3, 'd'], [[3, 1], 's'], [1, 'u'], [1, 'u'], [3, 'r'], [3, 'r'], [3, 'r'], [3, 'r'], [[3, 2], 's'], [2, 'd'], [[1, 2], 's'], [1, 'u'], [2, 'd'], [2, 'r'], [3, 'r'], [[2, 1], 's'], [1, 'u'], [2, 'd'], [[1, 2], 's'], [1, 'u']]
					}
				this.level141 = {
					"boardInfo":[[2, 2, 1, 3, 2, 1], [1, 3, 3, 1, 1, 3], [1, 1, 3, 2, 3, 2], [3, 2, 1, 3, 2, 3], [2, 2, 1, 3, 3, 3], [2, 3, 1, 2, 3, 1]],
					"MonsterPos": [[3, 1], [4, 2], [1, 4]],
					"GoalPos": [(1, 1), (3, 5), (5, 0)],
					"Swaps":4,
					"AiSolution": [[1, 'u'], [1, 'l'], [1, 'u'], [3, 'd'], [[2, 3], 's'], 'sad', [3, 'l'], [[3, 2], 's'], [3, 'd'], [3, 'd'], [[1, 3], 's'], [3, 'l'], [[2, 3], 's'], [1, 'r'], [3, 'l'], [3, 'l'], [3, 'd']]
					}
				this.level142 = {
					"boardInfo":[[1, 1, 1, 3, 2, 3], [1, 1, 3, 1, 2, 3], [2, 2, 1, 3, 3, 3], [2, 2, 1, 2, 2, 1], [3, 1, 3, 3, 1, 3], [1, 1, 1, 2, 1, 3]],
					"MonsterPos": [[2, 3], [4, 1], [2, 2]],
					"GoalPos": [(0, 0), (1, 4), (0, 3)],
					"Swaps":4,
					"AiSolution": [[1, 'u'], [2, 'u'], [2, 'u'], [3, 'u'], [[1, 3], 's'], [3, 'u'], [[3, 2], 's'], [1, 'l'], [2, 'r'], [[2, 1], 's'], [1, 'u'], [1, 'l'], [1, 'l'], 'sad', [[2, 3], 's'], [2, 'l'], [3, 'r']]
					}
				this.level144 = {
					"boardInfo":[[2, 1, 3, 1, 2, 2], [3, 2, 1, 3, 1, 2], [3, 2, 2, 3, 1, 1], [2, 3, 2, 3, 3, 3], [3, 3, 1, 1, 1, 1], [1, 3, 3, 3, 1, 2]],
					"MonsterPos": [[1, 1], [2, 2], [0, 1]],
					"GoalPos": [(4, 1), (5, 0), (3, 2)],
					"Swaps":4,
					"AiSolution": [[1, 'r'], [2, 'l'], [[2, 3], 's'], 'sad', [3, 'd'], [[1, 2], 's'], [1, 'r'], [1, 'd'], [1, 'd'], [2, 'd'], [3, 'd'], [3, 'r'], [[2, 1], 's'], [1, 'd'], [1, 'l'], [3, 'd'], [[1, 2], 's'], [1, 'l']]
					}
				this.level145 = {
					"boardInfo":[[2, 2, 2, 3, 2, 2], [3, 1, 2, 1, 2, 1], [3, 3, 3, 1, 3, 1], [3, 1, 1, 3, 1, 1], [2, 3, 2, 2, 3, 1], [1, 1, 1, 1, 2, 1]],
					"MonsterPos": [[3, 4], [1, 1], [3, 4]],
					"GoalPos": [(1, 3), (5, 2), (4, 4)],
					"Swaps":4,
					"AiSolution": [[1, 'r'], [1, 'u'], [1, 'u'], [2, 'r'], [3, 'l'], [[2, 3], 's'], [2, 'd'], [2, 'l'], [2, 'l'], [2, 'd'], [3, 'd'], [[3, 2], 's'], [2, 'd'], [[2, 1], 's'], [1, 'l'], [2, 'd'], [2, 'r'], [2, 'r'], [3, 'r'], [[1, 2], 's'], [1, 'l']]
					}
				this.level147 = {
					"boardInfo":[[2, 3, 3, 1, 1, 1], [3, 2, 2, 3, 1, 1], [3, 3, 2, 3, 2, 2], [2, 3, 3, 1, 1, 3], [1, 3, 3, 1, 2, 1], [1, 3, 1, 3, 3, 1]],
					"MonsterPos": [[5, 5], [0, 3], [0, 0]],
					"GoalPos": [(2, 1), (5, 3), (1, 0)],
					"Swaps":4,
					"AiSolution": [[1, 'u'], [3, 'd'], [[2, 3], 's'], [2, 'd'], [2, 'd'], [[2, 1], 's'], [1, 'u'], [2, 'd'], [2, 'd'], [[1, 2], 's'], [1, 'l'], [1, 'l'], [2, 'd'], [[2, 1], 's'], 'sad']
					}
				this.level148 = {
					"boardInfo":[[2, 1, 2, 2, 3, 2], [3, 2, 1, 2, 2, 1], [1, 2, 3, 2, 1, 1], [3, 1, 3, 3, 2, 1], [1, 1, 1, 2, 1, 1], [1, 3, 2, 1, 2, 2]],
					"MonsterPos": [[3, 5], [5, 1], [0, 5]],
					"GoalPos": [(1, 2), (1, 1), (2, 2)],
					"Swaps":4,
					"AiSolution": [[1, 'u'], [1, 'u'], [3, 'l'], [[2, 1], 's'], 'sad', [2, 'u'], [2, 'u'], [[1, 2], 's'], [2, 'u'], [[2, 3], 's'], [1, 'd'], [3, 'l'], [3, 'd'], [3, 'd'], [[3, 2], 's'], [2, 'u'], [3, 'l']]
					}
				this.level156 = {
					"boardInfo":[[3, 1, 1, 1, 2, 1], [1, 2, 2, 3, 3, 3], [3, 1, 1, 1, 3, 1], [3, 3, 3, 3, 2, 2], [3, 2, 2, 3, 1, 1], [3, 2, 2, 1, 1, 2]],
					"MonsterPos": [[1, 5], [3, 3], [1, 3]],
					"GoalPos": [(0, 5), (4, 5), (5, 2)],
					"Swaps":4,
					"AiSolution": [[2, 'r'], [2, 'r'], [3, 'r'], [3, 'd'], [[3, 2], 's'], [1, 'u'], [3, 'd'], [[1, 3], 's'], [3, 'd'], [3, 'd'], [3, 'l'], [[3, 1], 's'], [3, 'l'], [[2, 1], 's'], [2, 'd']]
					}
				this.level158 = {
					"boardInfo":[[1, 1, 2, 3, 2, 3], [1, 3, 1, 1, 2, 1], [2, 1, 3, 1, 3, 2], [2, 2, 3, 1, 2, 2], [3, 2, 3, 2, 1, 1], [2, 1, 2, 3, 2, 3]],
					"MonsterPos": [[5, 4], [5, 5], [3, 1]],
					"GoalPos": [(3, 2), (5, 1), (5, 0)],
					"Swaps":6,
					"AiSolution": [[1, 'u'], [[2, 3], 's'], [3, 'l'], [[3, 2], 's'], [2, 'l'], [3, 'd'], [[2, 3], 's'], [2, 'l'], [3, 'd'], [[1, 3], 's'], [1, 'l'], [[1, 2], 's'], [1, 'l'], [1, 'u'], [2, 'l'], [[3, 2], 's'], [2, 'l']]
					}
				this.level161 = {
					"boardInfo":[[1, 2, 1, 3, 2, 1], [3, 1, 2, 3, 3, 1], [2, 3, 3, 2, 1, 1], [3, 3, 2, 1, 2, 2], [3, 1, 1, 2, 1, 2], [2, 1, 2, 3, 3, 1]],
					"MonsterPos": [[0, 0], [4, 1], [1, 4]],
					"GoalPos": [(3, 1), (0, 1), (1, 0)],
					"Swaps":6,
					"AiSolution": [[3, 'l'], [3, 'u'], [[1, 3], 's'], [1, 'd'], [3, 'l'], [[2, 1], 's'], [1, 'd'], [2, 'u'], [2, 'u'], [[3, 1], 's'], [3, 'l'], [[1, 2], 's'], [1, 'r'], [2, 'u'], [[2, 3], 's'], [1, 'd'], [2, 'u'], [3, 'l'], [[3, 1], 's'], [3, 'd']]
					}
				this.level163 = {
					"boardInfo":[[1, 2, 2, 2, 2, 3], [3, 2, 2, 3, 2, 1], [1, 1, 2, 1, 3, 1], [1, 1, 1, 1, 3, 2], [2, 2, 3, 1, 1, 3], [1, 3, 2, 1, 3, 3]],
					"MonsterPos": [[3, 3], [3, 0], [3, 0]],
					"GoalPos": [(3, 5), (0, 4), (4, 0)],
					"Swaps":4,
					"AiSolution": [[1, 'u'], [2, 'd'], [2, 'r'], [[1, 2], 's'], 'sad', [2, 'u'], [2, 'r'], [2, 'r'], [2, 'u'], [[2, 1], 's'], [1, 'r'], [1, 'd'], 'sad', [[2, 3], 's'], [3, 'd'], [[1, 3], 's'], [1, 'd']]
					}
				this.level165 = {
					"boardInfo":[[1, 2, 1, 2, 2, 1], [3, 1, 1, 2, 3, 1], [3, 3, 1, 3, 3, 1], [3, 1, 2, 3, 2, 2], [1, 2, 3, 1, 2, 2], [1, 1, 2, 3, 3, 2]],
					"MonsterPos": [[1, 5], [3, 3], [2, 0]],
					"GoalPos": [(3, 1), (1, 3), (2, 4)],
					"Swaps":4,
					"AiSolution": [[1, 'd'], [2, 'l'], [3, 'r'], [[1, 3], 's'], [1, 'l'], [1, 'l'], [1, 'd'], [3, 'u'], [3, 'r'], [[3, 2], 's'], [2, 'u'], [2, 'u'], [3, 'r'], [3, 'u'], [3, 'r'], [[3, 1], 's'], [1, 'l'], [3, 'd'], [3, 'd'], [[2, 1], 's'], [1, 'l'], [2, 'r']]
					}
				this.level169 = {
					"boardInfo":[[2, 1, 2, 1, 2, 1], [3, 2, 2, 1, 3, 2], [2, 3, 2, 3, 2, 1], [2, 3, 2, 1, 2, 1], [2, 3, 1, 3, 2, 2], [2, 3, 2, 3, 1, 2]],
					"MonsterPos": [[1, 4], [0, 2], [1, 4]],
					"GoalPos": [(5, 2), (0, 3), (3, 5)],
					"Swaps":4,
					"AiSolution": [[1, 'l'], [[2, 1], 's'], [1, 'l'], [1, 'd'], [1, 'd'], [[1, 3], 's'], [1, 'l'], [1, 'd'], [1, 'd'], [2, 'r'], [3, 'd'], [3, 'd'], [[3, 1], 's'], [1, 'r'], [[2, 3], 's'], [3, 'r']]
					}
				this.level170 = {
					"boardInfo":[[1, 3, 2, 3, 1, 2], [1, 3, 1, 3, 2, 1], [2, 1, 2, 3, 1, 2], [2, 3, 2, 2, 2, 2], [2, 3, 3, 3, 3, 3], [3, 2, 3, 2, 2, 3]],
					"MonsterPos": [[1, 4], [0, 0], [1, 2]],
					"GoalPos": [(0, 5), (0, 3), (3, 1)],
					"Swaps":4,
					"AiSolution": [[1, 'u'], [[3, 2], 's'], [2, 'r'], [3, 'd'], [3, 'd'], [[2, 3], 's'], [2, 'r'], [3, 'l'], [[3, 2], 's'], [2, 'r'], [[1, 3], 's'], [1, 'r']]
					}
				this.level173 = {
					"boardInfo":[[2, 3, 3, 1, 2, 3], [2, 2, 2, 2, 3, 3], [3, 2, 1, 3, 2, 2], [3, 2, 3, 2, 3, 2], [3, 2, 1, 3, 2, 3], [2, 1, 2, 2, 2, 3]],
					"MonsterPos": [[5, 0], [5, 5], [3, 2]],
					"GoalPos": [(0, 3), (3, 3), (2, 5)],
					"Swaps":5,
					"AiSolution": [[1, 'r'], [2, 'l'], [2, 'u'], [[2, 1], 's'], [1, 'u'], [1, 'u'], [1, 'u'], [1, 'u'], [1, 'l'], [1, 'u'], [[1, 3], 's'], [1, 'r'], [1, 'r'], 'sad', [[1, 2], 's'], [2, 'u'], [[3, 2], 's'], [1, 'r'], [2, 'l'], [3, 'r'], [3, 'r'], [[2, 3], 's'], [3, 'd']]
					}
				this.level174 = {
					"boardInfo":[[3, 3, 2, 3, 1, 3], [3, 2, 3, 2, 2, 1], [2, 3, 1, 1, 3, 3], [3, 1, 2, 2, 2, 1], [3, 2, 2, 3, 3, 1], [2, 2, 3, 2, 3, 2]],
					"MonsterPos": [[3, 1], [1, 3], [4, 2]],
					"GoalPos": [(1, 4), (3, 4), (5, 4)],
					"Swaps":4,
					"AiSolution": [[3, 'r'], [3, 'r'], [[2, 1], 's'], [1, 'r'], [1, 'r'], [1, 'r'], [2, 'd'], [3, 'd'], [[3, 1], 's'], [1, 'u'], [[3, 2], 's'], [2, 'd'], [2, 'r'], [[1, 2], 's'], [1, 'u']]
					}
				this.level175 = {
					"boardInfo":[[2, 3, 1, 3, 1, 3], [2, 3, 1, 2, 1, 3], [2, 3, 2, 1, 2, 3], [2, 3, 2, 3, 2, 3], [1, 3, 2, 1, 3, 1], [1, 3, 3, 2, 3, 3]],
					"MonsterPos": [[0, 2], [3, 5], [1, 3]],
					"GoalPos": [(5, 2), (3, 0), (0, 5)],
					"Swaps":5,
					"AiSolution": [[1, 'd'], [2, 'l'], [2, 'u'], [[2, 1], 's'], [1, 'd'], [1, 'd'], [1, 'd'], [2, 'u'], [2, 'u'], [[3, 2], 's'], [2, 'l'], [3, 'r'], [3, 'u'], [[2, 3], 's'], [2, 'l'], [2, 'd'], [3, 'r'], [[3, 2], 's'], [2, 'l'], [2, 'd'], [2, 'd'], [[1, 2], 's'], [1, 'd'], [2, 'l']]
					}
				this.level178 = {
					"boardInfo":[[3, 1, 3, 2, 2, 1], [3, 3, 2, 2, 1, 3], [3, 2, 1, 3, 1, 2], [3, 1, 1, 2, 2, 2], [2, 1, 3, 2, 1, 1], [1, 3, 1, 2, 1, 2]],
					"MonsterPos": [[3, 3], [5, 4], [0, 4]],
					"GoalPos": [(2, 5), (1, 4), (3, 3)],
					"Swaps":4,
					"AiSolution": [[1, 'l'], [1, 'u'], [2, 'l'], [2, 'u'], [2, 'u'], [2, 'r'], [2, 'r'], [2, 'u'], [[3, 1], 's'], [1, 'r'], [3, 'd'], [3, 'd'], [[3, 2], 's'], [3, 'd'], [3, 'l'], [3, 'd'], [[1, 3], 's'], 'sad', [2, 'l'], [2, 'u'], [[3, 1], 's'], [3, 'u']]
					}
				this.level179 = {
					"boardInfo":[[3, 3, 2, 2, 2, 3], [1, 1, 3, 3, 1, 1], [1, 2, 2, 1, 2, 2], [3, 1, 2, 1, 1, 3], [3, 3, 2, 2, 1, 2], [3, 2, 2, 3, 2, 3]],
					"MonsterPos": [[0, 2], [0, 0], [2, 3]],
					"GoalPos": [(3, 5), (1, 3), (2, 0)],
					"Swaps":5,
					"AiSolution": [[3, 'u'], [3, 'l'], [[3, 1], 's'], [3, 'l'], [3, 'l'], [3, 'd'], [[2, 3], 's'], [1, 'd'], [1, 'r'], [2, 'd'], [2, 'r'], [[1, 2], 's'], [1, 'd'], [1, 'd'], [1, 'r'], [2, 'r'], [[2, 1], 's'], [1, 'r'], [[1, 2], 's'], [2, 'r']]
					}
				this.level180 = {
					"boardInfo":[[3, 3, 3, 1, 3, 2], [1, 2, 1, 2, 1, 2], [3, 1, 3, 3, 1, 3], [3, 1, 1, 3, 2, 2], [1, 2, 3, 3, 2, 3], [2, 2, 2, 1, 3, 2]],
					"MonsterPos": [[3, 2], [4, 3], [3, 0]],
					"GoalPos": [(2, 2), (0, 4), (5, 3)],
					"Swaps":4,
					"AiSolution": [[1, 'l'], [1, 'u'], [2, 'r'], [2, 'u'], [[3, 1], 's'], [3, 'r'], [[3, 2], 's'], [1, 'r'], [2, 'u'], [2, 'u'], [3, 'd'], [3, 'd'], [3, 'r'], [[2, 3], 's'], [2, 'r'], [2, 'u'], [3, 'r'], [[1, 2], 's'], [2, 'l']]
					}
				this.level181 = {
					"boardInfo":[[1, 2, 3, 3, 3, 2], [3, 1, 1, 2, 3, 1], [3, 2, 3, 1, 1, 2], [2, 1, 1, 2, 3, 3], [1, 1, 2, 3, 3, 2], [2, 2, 1, 2, 2, 1]],
					"MonsterPos": [[4, 3], [5, 0], [0, 0]],
					"GoalPos": [(1, 0), (0, 2), (4, 0)],
					"Swaps":6,
					"AiSolution": [[2, 'r'], [3, 'd'], [3, 'd'], [[1, 2], 's'], [1, 'l'], [2, 'u'], [2, 'u'], [[2, 1], 's'], [1, 'u'], [1, 'l'], [2, 'u'], [[1, 2], 's'], [1, 'u'], [2, 'u'], [2, 'r'], [[1, 3], 's'], [2, 'l'], [3, 'd'], [[2, 3], 's'], [1, 'l'], [1, 'u'], [2, 'u'], [3, 'd'], [[2, 1], 's'], [2, 'r']]
					}
				this.level182 = {
					"boardInfo":[[2, 3, 2, 3, 1, 1], [3, 1, 1, 3, 1, 1], [1, 2, 3, 1, 2, 3], [1, 1, 3, 3, 3, 2], [3, 2, 3, 2, 2, 1], [2, 2, 1, 3, 1, 2]],
					"MonsterPos": [[3, 4], [1, 5], [0, 3]],
					"GoalPos": [(0, 3), (3, 3), (2, 0)],
					"Swaps":6,
					"AiSolution": [[3, 'd'], [[2, 1], 's'], [1, 'u'], [2, 'u'], [2, 'l'], [[3, 2], 's'], [2, 'l'], [3, 'l'], [3, 'l'], [[1, 3], 's'], [1, 'u'], [1, 'u'], [2, 'd'], [3, 'd'], [[2, 1], 's'], [1, 'l'], [2, 'd'], [[3, 2], 's'], [3, 'l'], [[2, 1], 's'], [2, 'd']]
					}
				this.level183 = {
					"boardInfo":[[3, 2, 3, 1, 2, 3], [3, 1, 3, 1, 2, 3], [1, 2, 2, 3, 3, 2], [1, 1, 1, 2, 2, 3], [3, 3, 3, 3, 3, 3], [2, 2, 1, 2, 3, 1]],
					"MonsterPos": [[3, 3], [3, 5], [3, 3]],
					"GoalPos": [(5, 4), (0, 0), (0, 2)],
					"Swaps":4,
					"AiSolution": [[1, 'l'], [2, 'l'], [3, 'u'], [[3, 1], 's'], [1, 'd'], [1, 'r'], [1, 'r'], [2, 'l'], [3, 'u'], [3, 'u'], [[2, 3], 's'], [1, 'd'], [2, 'l'], [2, 'l'], [2, 'l'], [2, 'u'], [[1, 2], 's'], [2, 'u'], [2, 'u'], [[2, 3], 's'], [3, 'l']]
					}
				this.level185 = {
					"boardInfo":[[2, 3, 3, 3, 1, 3], [1, 1, 3, 1, 3, 3], [3, 2, 2, 3, 1, 2], [1, 2, 3, 2, 3, 1], [1, 3, 1, 3, 3, 3], [3, 2, 1, 2, 3, 3]],
					"MonsterPos": [[3, 3], [3, 5], [3, 0]],
					"GoalPos": [(5, 2), (4, 0), (4, 5)],
					"Swaps":6,
					"AiSolution": [[[2, 3], 's'], [2, 'l'], [2, 'd'], [2, 'l'], [3, 'r'], [3, 'u'], [3, 'r'], [[2, 1], 's'], [1, 'd'], [1, 'r'], [1, 'd'], [2, 'l'], [[3, 1], 's'], [1, 'l'], [3, 'r'], [[3, 2], 's'], [2, 'l'], [3, 'r'], [[2, 3], 's'], [2, 'l'], [3, 'd'], [3, 'd'], [3, 'r'], [[1, 2], 's'], [1, 'l']]
					}
				this.level186 = {
					"boardInfo":[[1, 1, 2, 3, 2, 1], [1, 3, 1, 3, 2, 3], [2, 2, 2, 2, 1, 2], [2, 3, 2, 2, 3, 2], [1, 2, 2, 1, 1, 2], [3, 2, 1, 2, 3, 3]],
					"MonsterPos": [[2, 3], [4, 1], [3, 0]],
					"GoalPos": [(5, 4), (0, 4), (4, 5)],
					"Swaps":4,
					"AiSolution": [[1, 'r'], [2, 'r'], [2, 'u'], [2, 'r'], [2, 'u'], [3, 'r'], [[2, 3], 's'], [2, 'u'], [2, 'u'], [3, 'r'], [3, 'r'], [[1, 3], 's'], [1, 'r'], [1, 'd'], [1, 'd'], [3, 'd'], [3, 'r'], [[1, 2], 's'], [1, 'd'], [1, 'l'], [2, 'r'], [[3, 2], 's'], [3, 'r']]
					}
				this.level187 = {
					"boardInfo":[[1, 2, 1, 3, 3, 2], [2, 3, 1, 2, 1, 3], [1, 2, 1, 1, 2, 2], [1, 1, 1, 1, 2, 2], [2, 2, 2, 3, 1, 3], [1, 3, 2, 1, 1, 3]],
					"MonsterPos": [[3, 3], [4, 0], [3, 0]],
					"GoalPos": [(0, 5), (5, 1), (5, 4)],
					"Swaps":4,
					"AiSolution": [[1, 'u'], [1, 'l'], [1, 'u'], [1, 'u'], [2, 'r'], [2, 'r'], [2, 'd'], [[2, 3], 's'], [2, 'l'], [3, 'd'], [3, 'r'], [3, 'r'], [[1, 2], 's'], [1, 'r'], [1, 'r'], [3, 'd'], [[2, 3], 's'], [3, 'r'], [3, 'r'], [[2, 1], 's'], [1, 'r']]
					}
				this.level188 = {
					"boardInfo":[[3, 1, 2, 3, 3, 1], [2, 1, 2, 2, 1, 1], [3, 3, 1, 1, 3, 2], [2, 1, 2, 3, 2, 1], [3, 3, 3, 1, 2, 1], [2, 2, 1, 2, 1, 3]],
					"MonsterPos": [[0, 4], [2, 3], [4, 5]],
					"GoalPos": [(5, 4), (0, 5), (5, 1)],
					"Swaps":5,
					"AiSolution": [[1, 'd'], [2, 'u'], [2, 'l'], [2, 'u'], [3, 'd'], [[3, 1], 's'], [1, 'd'], [2, 'd'], [2, 'r'], [3, 'l'], [[3, 2], 's'], [2, 'r'], [2, 'r'], [3, 'l'], [[1, 3], 's'], [1, 'd'], [1, 'd'], [2, 'u'], [[3, 2], 's'], [3, 'l'], [[3, 1], 's'], [1, 'd'], [3, 'l']]
					}
				this.level197 = {
					"boardInfo":[[2, 1, 1, 3, 1, 3], [1, 2, 3, 1, 3, 1], [1, 2, 2, 3, 1, 3], [3, 3, 1, 3, 3, 3], [3, 2, 2, 2, 3, 3], [2, 3, 1, 2, 2, 1]],
					"MonsterPos": [[2, 1], [4, 3], [1, 5]],
					"GoalPos": [(5, 5), (4, 4), (5, 0)],
					"Swaps":5,
					"AiSolution": ['sad', [[2, 1], 's'], [1, 'r'], [3, 'r'], [3, 'd'], [[1, 3], 's'], [1, 'r'], [1, 'd'], [1, 'r'], [1, 'd'], [1, 'r'], [3, 'l'], [3, 'l'], [3, 'l'], [[2, 1], 's'], [2, 'r'], [[3, 2], 's'], [1, 'd'], [3, 'l'], [[2, 3], 's'], [3, 'd']]
					}
				this.level198 = {
					"boardInfo":[[1, 3, 1, 3, 1, 2], [1, 3, 1, 1, 3, 3], [2, 3, 3, 1, 3, 3], [3, 1, 1, 3, 2, 1], [3, 3, 3, 1, 3, 2], [3, 1, 2, 2, 2, 1]],
					"MonsterPos": [[1, 4], [2, 4], [4, 1]],
					"GoalPos": [(4, 4), (5, 4), (2, 5)],
					"Swaps":5,
					"AiSolution": [[2, 'd'], [3, 'l'], [3, 'u'], [[3, 2], 's'], [2, 'd'], [3, 'u'], [[2, 3], 's'], [1, 'l'], [1, 'd'], [3, 'r'], [3, 'r'], [[1, 3], 's'], [1, 'd'], [3, 'u'], [3, 'r'], [[3, 1], 's'], [1, 'd'], [2, 'd'], [3, 'r'], [3, 'd'], [3, 'r'], [[1, 3], 's'], [1, 'r']]
					}
				this.level199 = {
					"boardInfo":[[3, 3, 3, 2, 3, 2], [3, 3, 3, 3, 3, 1], [2, 1, 3, 2, 2, 3], [1, 2, 2, 3, 2, 1], [1, 1, 2, 2, 1, 3], [1, 2, 3, 1, 3, 2]],
					"MonsterPos": [[1, 1], [4, 0], [3, 1]],
					"GoalPos": [(3, 0), (4, 1), (5, 5)],
					"Swaps":5,
					"AiSolution": [[1, 'd'], [[3, 2], 's'], [3, 'r'], [3, 'd'], [3, 'r'], [[3, 1], 's'], [1, 'l'], [3, 'r'], [[2, 3], 's'], [2, 'r'], [3, 'r'], [[3, 1], 's'], [3, 'd'], [[1, 2], 's'], [1, 'd']]
					}
				this.level206 = {
					"boardInfo":[[1, 3, 1, 3, 3, 3], [3, 2, 3, 3, 3, 1], [3, 1, 3, 1, 2, 3], [3, 3, 1, 3, 1, 2], [3, 3, 2, 1, 2, 2], [1, 1, 1, 2, 2, 3]],
					"MonsterPos": [[2, 2], [0, 2], [5, 0]],
					"GoalPos": [(5, 5), (0, 5), (5, 3)],
					"Swaps":5,
					"AiSolution": [[1, 'r'], [3, 'u'], [3, 'r'], [[3, 2], 's'], [2, 'r'], [2, 'r'], [3, 'r'], [[1, 3], 's'], [1, 'r'], [3, 'r'], [[3, 1], 's'], [1, 'd'], [3, 'd'], [[1, 3], 's'], [1, 'd'], [1, 'r'], [2, 'r'], [[2, 1], 's'], [1, 'd']]
					}
				this.level211 = {
					"boardInfo":[[1, 2, 3, 3, 3, 2], [2, 1, 3, 1, 1, 3], [2, 2, 1, 1, 3, 1], [1, 3, 1, 3, 3, 1], [1, 1, 1, 1, 1, 2], [2, 2, 3, 2, 1, 2]],
					"MonsterPos": [[2, 0], [3, 0], [1, 0]],
					"GoalPos": [(2, 2), (2, 3), (5, 4)],
					"Swaps":4,
					"AiSolution": [[2, 'u'], [2, 'r'], [[2, 3], 's'], 'sad', [2, 'd'], [[1, 2], 's'], [1, 'l'], [2, 'r'], [2, 'u'], [2, 'r'], [3, 'd'], [3, 'r'], [[2, 3], 's'], [3, 'r'], [3, 'd'], [3, 'd'], [3, 'r'], [3, 'r'], [3, 'd'], [[3, 1], 's'], [1, 'd']]
					}
				this.level212 = {
					"boardInfo":[[1, 1, 2, 1, 2, 3], [1, 2, 1, 2, 1, 2], [1, 1, 2, 2, 2, 1], [3, 2, 1, 2, 1, 3], [1, 1, 3, 1, 2, 2], [3, 3, 1, 2, 2, 3]],
					"MonsterPos": [[1, 1], [4, 1], [2, 2]],
					"GoalPos": [(0, 4), (2, 2), (1, 4)],
					"Swaps":5,
					"AiSolution": [[1, 'u'], [2, 'u'], [[1, 2], 's'], [1, 'r'], [2, 'u'], [[1, 3], 's'], [3, 'r'], [3, 'u'], [[2, 1], 's'], [1, 'r'], [[1, 3], 's'], [1, 'r'], [3, 'r'], [[1, 2], 's'], [2, 'r']]
					}
				this.level215 = {
					"boardInfo":[[3, 3, 2, 1, 3, 3], [2, 3, 2, 1, 1, 2], [3, 1, 3, 2, 2, 3], [2, 3, 1, 1, 1, 2], [3, 2, 1, 2, 2, 1], [2, 1, 1, 1, 3, 3]],
					"MonsterPos": [[2, 3], [3, 4], [3, 2]],
					"GoalPos": [(0, 5), (3, 3), (1, 0)],
					"Swaps":4,
					"AiSolution": [[1, 'u'], [1, 'u'], [3, 'u'], [[3, 1], 's'], [1, 'r'], [1, 'r'], [2, 'u'], [2, 'l'], [3, 'l'], [[1, 3], 's'], [3, 'u'], [3, 'u'], [3, 'l'], [[3, 2], 's'], [3, 'd'], [[2, 1], 's'], [2, 'd']]
					}
				this.level219 = {
					"boardInfo":[[2, 3, 3, 1, 2, 2], [2, 2, 1, 1, 3, 2], [1, 1, 2, 1, 3, 3], [3, 3, 2, 2, 3, 1], [1, 2, 1, 2, 1, 3], [2, 1, 1, 3, 3, 3]],
					"MonsterPos": [[0, 4], [0, 1], [3, 3]],
					"GoalPos": [(2, 5), (5, 3), (0, 0)],
					"Swaps":5,
					"AiSolution": [[2, 'd'], [3, 'r'], [3, 'u'], [3, 'u'], [[2, 1], 's'], [1, 'r'], [1, 'd'], 'sad', [3, 'd'], [3, 'd'], [[1, 3], 's'], [3, 'l'], [3, 'l'], [3, 'u'], [[3, 2], 's'], [2, 'd'], [2, 'd'], [3, 'l'], [3, 'l'], [[2, 3], 's'], [1, 'd'], [3, 'u'], [3, 'u'], [[1, 2], 's'], [2, 'd']]
					}
				this.level222 = {
					"boardInfo":[[2, 3, 3, 1, 3, 2], [1, 1, 2, 3, 1, 1], [2, 2, 2, 1, 2, 2], [2, 1, 3, 1, 2, 2], [3, 3, 2, 1, 2, 2], [1, 1, 1, 3, 1, 3]],
					"MonsterPos": [[5, 4], [4, 4], [5, 3]],
					"GoalPos": [(0, 2), (0, 0), (5, 4)],
					"Swaps":5,
					"AiSolution": [[2, 'u'], [2, 'u'], [[2, 1], 's'], [1, 'u'], [1, 'u'], [2, 'l'], [[1, 2], 's'], [1, 'l'], [1, 'u'], [2, 'l'], [2, 'l'], [2, 'l'], [[2, 1], 's'], [1, 'l'], [1, 'u'], [2, 'u'], [[3, 2], 's'], [3, 'r'], [[1, 2], 's'], [1, 'u'], [2, 'u']]
					}
				this.level223 = {
					"boardInfo":[[3, 2, 2, 2, 3, 1], [3, 3, 2, 3, 2, 3], [1, 2, 1, 1, 1, 3], [2, 2, 3, 1, 1, 1], [3, 3, 1, 3, 1, 2], [1, 2, 2, 2, 2, 2]],
					"MonsterPos": [[5, 0], [4, 3], [4, 5]],
					"GoalPos": [(3, 0), (1, 1), (2, 4)],
					"Swaps":4,
					"AiSolution": [[2, 'd'], [2, 'l'], [2, 'l'], [[3, 1], 's'], [1, 'u'], [3, 'u'], [3, 'l'], [3, 'u'], [3, 'l'], [[1, 2], 's'], [1, 'u'], [2, 'u'], [[2, 1], 's'], [2, 'u'], [2, 'u'], [3, 'r'], [[1, 2], 's'], [2, 'u']]
					}
				this.level227 = {
					"boardInfo":[[3, 1, 1, 2, 3, 1], [3, 3, 1, 1, 1, 2], [2, 2, 2, 3, 1, 1], [1, 3, 2, 1, 3, 2], [2, 3, 3, 3, 3, 1], [1, 3, 1, 1, 2, 3]],
					"MonsterPos": [[5, 1], [4, 2], [1, 3]],
					"GoalPos": [(3, 3), (5, 5), (3, 1)],
					"Swaps":4,
					"AiSolution": [[1, 'r'], [1, 'r'], [3, 'd'], [[3, 2], 's'], [2, 'r'], [2, 'r'], [3, 'l'], [3, 'l'], [[2, 1], 's'], [1, 'u'], [2, 'r'], [[1, 2], 's'], [1, 'u'], [2, 'd'], [[2, 3], 's'], [3, 'd']]
					}
				this.level229 = {
					"boardInfo":[[3, 3, 2, 2, 3, 3], [3, 2, 3, 1, 1, 1], [2, 1, 2, 2, 2, 1], [1, 2, 3, 3, 3, 1], [1, 1, 1, 3, 1, 1], [1, 3, 1, 2, 3, 2]],
					"MonsterPos": [[2, 2], [3, 3], [4, 0]],
					"GoalPos": [(1, 0), (3, 1), (3, 3)],
					"Swaps":4,
					"AiSolution": [[1, 'l'], [[3, 1], 's'], [2, 'u'], [2, 'l'], [3, 'r'], [3, 'r'], [[1, 2], 's'], [1, 'u'], [2, 'd'], [[2, 1], 's'], [1, 'l'], [2, 'l'], [[1, 3], 's'], [3, 'u'], [3, 'r']]
					}
				this.level230 = {
					"boardInfo":[[1, 3, 1, 3, 2, 2], [1, 1, 1, 2, 3, 3], [1, 1, 3, 2, 2, 2], [3, 3, 3, 3, 2, 3], [1, 1, 3, 2, 3, 2], [2, 2, 3, 2, 2, 2]],
					"MonsterPos": [[4, 0], [0, 3], [5, 5]],
					"GoalPos": [(5, 1), (0, 0), (2, 1)],
					"Swaps":4,
					"AiSolution": [[1, 'r'], [[3, 2], 's'], 'sad', [[2, 3], 's'], [3, 'u'], [3, 'l'], [3, 'u'], [[1, 2], 's'], [1, 'd'], 'sad', [[2, 3], 's'], [3, 'l']]
					}
				this.level240 = {
					"boardInfo":[[3, 3, 3, 1, 3, 2], [3, 3, 2, 2, 3, 1], [2, 3, 3, 2, 3, 3], [1, 2, 2, 1, 2, 1], [3, 2, 2, 1, 3, 2], [2, 1, 1, 3, 2, 3]],
					"MonsterPos": [[2, 4], [0, 4], [0, 1]],
					"GoalPos": [(0, 3), (1, 2), (3, 4)],
					"Swaps":4,
					"AiSolution": [[3, 'd'], [3, 'd'], [3, 'r'], [[3, 2], 's'], [2, 'd'], [3, 'd'], [[1, 3], 's'], [1, 'l'], [1, 'u'], [3, 'r'], [[3, 1], 's'], [1, 'u'], [3, 'r'], [[2, 3], 's'], [2, 'l'], [2, 'l']]
					}
				this.level242 = {
					"boardInfo":[[3, 1, 3, 2, 1, 1], [2, 2, 1, 2, 3, 2], [1, 3, 1, 1, 2, 2], [3, 2, 2, 1, 3, 2], [2, 1, 2, 1, 3, 1], [3, 2, 1, 2, 1, 2]],
					"MonsterPos": [[5, 1], [4, 0], [5, 3]],
					"GoalPos": [(0, 5), (2, 4), (4, 4)],
					"Swaps":6,
					"AiSolution": [[1, 'r'], [[1, 2], 's'], [1, 'u'], [1, 'u'], [2, 'r'], [[2, 1], 's'], [1, 'u'], [1, 'u'], [2, 'u'], [2, 'r'], [[1, 2], 's'], [1, 'r'], [1, 'u'], [2, 'u'], [2, 'r'], [[2, 1], 's'], [1, 'r'], [1, 'r'], [[3, 1], 's'], [2, 'r'], [3, 'u'], [[1, 3], 's'], [3, 'r']]
					}
				this.level243 = {
					"boardInfo":[[2, 1, 1, 1, 2, 1], [2, 2, 2, 2, 3, 1], [1, 2, 3, 2, 2, 2], [2, 3, 2, 2, 2, 1], [3, 1, 3, 2, 2, 2], [1, 2, 3, 1, 1, 3]],
					"MonsterPos": [[1, 3], [0, 4], [4, 0]],
					"GoalPos": [(5, 4), (4, 0), (5, 5)],
					"Swaps":6,
					"AiSolution": [[[2, 3], 's'], [2, 'd'], [3, 'u'], [[3, 2], 's'], [2, 'l'], [2, 'l'], [2, 'l'], [2, 'l'], [3, 'r'], [[2, 1], 's'], [1, 'd'], [1, 'r'], [1, 'd'], [1, 'd'], [2, 'd'], [[1, 2], 's'], [1, 'd'], [1, 'l'], [2, 'd'], [[2, 3], 's'], [1, 'r'], [2, 'd'], [3, 'r'], [3, 'r'], [3, 'd'], [3, 'r'], [3, 'r'], [[3, 2], 's'], [3, 'd']]
					}
				this.level244 = {
					"boardInfo":[[1, 1, 2, 3, 3, 2], [3, 2, 2, 2, 2, 2], [1, 2, 3, 1, 1, 1], [3, 3, 3, 3, 1, 2], [2, 1, 1, 2, 2, 1], [3, 2, 2, 2, 3, 1]],
					"MonsterPos": [[5, 5], [1, 5], [2, 2]],
					"GoalPos": [(1, 2), (0, 3), (3, 3)],
					"Swaps":4,
					"AiSolution": [[1, 'u'], 'sad', [3, 'd'], [[1, 2], 's'], [1, 'l'], [1, 'l'], [3, 'r'], [[1, 3], 's'], [1, 'u'], [1, 'l'], [1, 'u'], [[2, 1], 's'], [2, 'r'], [[1, 3], 's'], [1, 'u']]
					}
				this.level246 = {
					"boardInfo":[[1, 3, 3, 1, 1, 2], [1, 3, 2, 1, 1, 1], [2, 1, 3, 3, 1, 2], [2, 1, 2, 2, 1, 2], [3, 1, 2, 1, 3, 2], [2, 1, 1, 2, 3, 1]],
					"MonsterPos": [[2, 2], [4, 5], [0, 1]],
					"GoalPos": [(4, 4), (4, 5), (4, 3)],
					"Swaps":5,
					"AiSolution": [[3, 'r'], [[1, 3], 's'], [1, 'r'], [3, 'r'], [3, 'd'], [3, 'r'], [3, 'd'], [3, 'd'], [[3, 1], 's'], [1, 'r'], [3, 'd'], [[3, 2], 's'], [1, 'd'], [[1, 3], 's'], [3, 'l'], [[2, 1], 's'], [1, 'd']]
					}
				this.level248 = {
					"boardInfo":[[1, 2, 1, 3, 3, 2], [3, 3, 1, 2, 2, 3], [3, 3, 3, 1, 1, 3], [2, 1, 3, 2, 2, 1], [2, 1, 3, 3, 3, 1], [3, 1, 3, 3, 2, 1]],
					"MonsterPos": [[3, 0], [2, 5], [0, 3]],
					"GoalPos": [(0, 0), (0, 4), (4, 4)],
					"Swaps":5,
					"AiSolution": [[[1, 3], 's'], [1, 'u'], [1, 'u'], [3, 'l'], [3, 'd'], [[3, 1], 's'], [1, 'u'], [3, 'd'], [3, 'd'], [3, 'd'], [3, 'r'], [[1, 2], 's'], [2, 'l'], [[2, 1], 's'], [2, 'u'], [3, 'r'], [[2, 3], 's'], [2, 'u']]
					}
				this.level250 = {
					"boardInfo":[[2, 1, 3, 2, 3, 1], [1, 1, 1, 2, 2, 2], [1, 3, 2, 3, 1, 3], [1, 1, 3, 3, 3, 3], [2, 1, 2, 1, 2, 3], [1, 1, 1, 3, 1, 2]],
					"MonsterPos": [[5, 4], [3, 4], [4, 0]],
					"GoalPos": [(3, 3), (2, 4), (3, 4)],
					"Swaps":4,
					"AiSolution": [[[1, 3], 's'], [1, 'l'], [2, 'd'], [3, 'u'], [3, 'r'], [[3, 1], 's'], [1, 'u'], [3, 'r'], [3, 'r'], [3, 'r'], [[2, 3], 's'], [2, 'u'], [2, 'l'], [2, 'u'], [[1, 2], 's'], [1, 'u'], [2, 'r']]
					}
				this.level251 = {
					"boardInfo":[[2, 1, 1, 1, 2, 1], [3, 3, 1, 2, 2, 1], [3, 2, 2, 1, 2, 1], [3, 1, 1, 3, 2, 3], [1, 2, 2, 2, 2, 1], [1, 1, 3, 2, 1, 2]],
					"MonsterPos": [[1, 0], [3, 2], [0, 4]],
					"GoalPos": [(5, 3), (4, 4), (3, 4)],
					"Swaps":4,
					"AiSolution": ['sad', [[1, 3], 's'], [1, 'd'], [1, 'd'], [3, 'r'], [3, 'd'], [3, 'd'], [[3, 1], 's'], [1, 'd'], [1, 'd'], [1, 'r'], [2, 'd'], [3, 'd'], [[2, 1], 's'], [1, 'u'], [1, 'r'], [1, 'r'], [1, 'd'], [[1, 3], 's'], [3, 'l']]
					}
				this.level252 = {
					"boardInfo":[[3, 3, 1, 2, 3, 2], [3, 3, 3, 1, 2, 1], [2, 3, 2, 1, 3, 1], [1, 2, 2, 3, 1, 1], [1, 3, 2, 3, 1, 2], [1, 1, 1, 2, 2, 1]],
					"MonsterPos": [[0, 5], [4, 4], [2, 5]],
					"GoalPos": [(1, 2), (4, 3), (3, 4)],
					"Swaps":4,
					"AiSolution": [[3, 'l'], [[3, 1], 's'], [1, 'l'], [[1, 2], 's'], [1, 'l'], [2, 'l'], [2, 'u'], [3, 'd'], [[3, 1], 's'], [1, 'l'], [2, 'd'], [[2, 1], 's'], [1, 'd']]
					}
				this.level253 = {
					"boardInfo":[[1, 1, 2, 3, 2, 3], [1, 1, 3, 3, 1, 3], [2, 1, 3, 3, 1, 3], [1, 2, 1, 1, 3, 3], [3, 1, 3, 3, 1, 2], [3, 3, 3, 1, 1, 1]],
					"MonsterPos": [[2, 0], [1, 1], [4, 2]],
					"GoalPos": [(2, 1), (5, 2), (2, 4)],
					"Swaps":4,
					"AiSolution": [[3, 'r'], [[2, 3], 's'], [1, 'r'], [2, 'r'], [2, 'd'], [[1, 3], 's'], [3, 'u'], [[3, 2], 's'], [2, 'd'], [3, 'u'], [[2, 3], 's'], [2, 'd'], [2, 'd'], [3, 'r']]
					}
				this.level260 = {
					"boardInfo":[[3, 2, 3, 3, 1, 1], [1, 1, 2, 2, 3, 1], [2, 1, 2, 2, 2, 1], [1, 1, 3, 1, 1, 3], [3, 2, 3, 1, 2, 3], [1, 2, 1, 3, 2, 1]],
					"MonsterPos": [[0, 1], [1, 2], [1, 1]],
					"GoalPos": [(2, 2), (1, 0), (5, 3)],
					"Swaps":5,
					"AiSolution": [[[3, 1], 's'], [3, 'd'], [3, 'd'], [[2, 3], 's'], [2, 'l'], [2, 'l'], [3, 'd'], [3, 'd'], [[3, 2], 's'], [3, 'r'], [[1, 3], 's'], [1, 'd'], [1, 'd'], [3, 'r'], [[2, 1], 's'], [1, 'r']]
					}
				this.level263 = {
					"boardInfo":[[3, 2, 3, 3, 1, 1], [1, 3, 1, 2, 3, 2], [2, 3, 2, 3, 1, 1], [1, 1, 3, 3, 2, 1], [2, 2, 1, 3, 1, 1], [3, 3, 1, 1, 2, 1]],
					"MonsterPos": [[4, 0], [0, 4], [4, 3]],
					"GoalPos": [(3, 5), (1, 2), (5, 2)],
					"Swaps":4,
					"AiSolution": [[1, 'u'], [1, 'r'], [[3, 1], 's'], [1, 'r'], [1, 'r'], [3, 'l'], [[1, 2], 's'], [1, 'r'], [2, 'l'], [2, 'l'], [3, 'd'], [[1, 3], 's'], [1, 'r'], [[2, 1], 's'], [2, 'd']]
					}
				this.level264 = {
					"boardInfo":[[1, 3, 2, 3, 2, 3], [1, 1, 1, 1, 3, 1], [3, 2, 2, 2, 3, 2], [2, 1, 1, 2, 3, 3], [2, 3, 3, 1, 3, 3], [3, 1, 1, 2, 3, 3]],
					"MonsterPos": [[1, 0], [0, 2], [2, 3]],
					"GoalPos": [(0, 3), (4, 3), (5, 5)],
					"Swaps":4,
					"AiSolution": [[1, 'u'], [3, 'r'], [3, 'd'], [3, 'r'], [3, 'd'], [[1, 2], 's'], [2, 'd'], [2, 'r'], [[2, 1], 's'], [1, 'd'], [1, 'r'], [1, 'r'], [2, 'd'], [2, 'd'], [[1, 2], 's'], [1, 'u'], [2, 'd'], [3, 'd'], [[3, 1], 's'], [1, 'r']]
					}
				this.level267 = {
					"boardInfo":[[2, 1, 3, 1, 3, 3], [3, 2, 2, 2, 2, 1], [2, 2, 2, 1, 3, 1], [1, 1, 2, 1, 1, 2], [2, 1, 1, 2, 2, 2], [1, 1, 1, 1, 1, 1]],
					"MonsterPos": [[3, 3], [5, 4], [2, 1]],
					"GoalPos": [(5, 4), (3, 1), (3, 5)],
					"Swaps":4,
					"AiSolution": [[1, 'r'], [2, 'u'], [2, 'l'], [[2, 1], 's'], [1, 'd'], 'sad', [[2, 3], 's'], [3, 'd'], [3, 'd'], [3, 'r'], [3, 'd'], [3, 'r'], [3, 'r'], [3, 'r'], [[1, 3], 's'], [1, 'd'], [3, 'u'], [3, 'u'], [[1, 2], 's'], [2, 'r']]
					}
				this.level268 = {
					"boardInfo":[[3, 2, 3, 1, 1, 2], [2, 3, 2, 2, 1, 3], [2, 3, 1, 2, 1, 3], [1, 1, 2, 2, 1, 3], [1, 2, 3, 1, 3, 2], [3, 3, 2, 1, 2, 3]],
					"MonsterPos": [[2, 1], [4, 5], [4, 1]],
					"GoalPos": [(4, 2), (1, 4), (3, 4)],
					"Swaps":4,
					"AiSolution": [[1, 'r'], [3, 'r'], [[3, 2], 's'], [2, 'u'], [2, 'u'], [2, 'u'], [3, 'u'], [3, 'r'], [[3, 1], 's'], [1, 'd'], [3, 'r'], [[2, 1], 's'], [1, 'd'], [[2, 3], 's'], [2, 'l']]
					}
				this.level270 = {
					"boardInfo":[[2, 1, 3, 2, 3, 1], [3, 2, 1, 3, 1, 1], [2, 2, 3, 1, 2, 1], [3, 1, 1, 3, 1, 2], [1, 2, 1, 2, 2, 1], [2, 3, 3, 2, 3, 3]],
					"MonsterPos": [[1, 0], [3, 2], [5, 3]],
					"GoalPos": [(4, 1), (1, 2), (5, 5)],
					"Swaps":5,
					"AiSolution": [[3, 'r'], [[2, 1], 's'], [1, 'd'], [3, 'r'], [[1, 3], 's'], [1, 'd'], [[2, 1], 's'], [1, 'd'], [2, 'u'], [[3, 1], 's'], [1, 'r'], [[3, 2], 's'], [2, 'u']]
					}
				this.level271 = {
					"boardInfo":[[2, 1, 3, 2, 1, 2], [3, 1, 1, 1, 3, 1], [3, 3, 2, 2, 3, 1], [1, 1, 3, 2, 2, 3], [2, 3, 1, 2, 2, 3], [2, 1, 3, 1, 1, 1]],
					"MonsterPos": [[5, 0], [4, 2], [1, 2]],
					"GoalPos": [(3, 4), (2, 5), (4, 5)],
					"Swaps":5,
					"AiSolution": [[1, 'r'], [2, 'r'], [2, 'u'], [2, 'r'], [[2, 3], 's'], [2, 'u'], [3, 'd'], [3, 'r'], [3, 'd'], [3, 'r'], [3, 'd'], [[1, 2], 's'], [1, 'u'], [2, 'r'], [[2, 1], 's'], [1, 'r'], [[3, 1], 's'], [1, 'r'], [1, 'u'], [1, 'r'], [3, 'd'], [3, 'r'], [[3, 2], 's'], [3, 'u']]
					}
				this.level272 = {
					"boardInfo":[[3, 1, 1, 2, 2, 2], [2, 1, 1, 2, 1, 2], [1, 2, 3, 2, 3, 2], [3, 1, 1, 1, 3, 1], [3, 1, 2, 1, 2, 1], [1, 3, 2, 3, 1, 1]],
					"MonsterPos": [[3, 5], [1, 1], [1, 4]],
					"GoalPos": [(1, 1), (4, 1), (2, 0)],
					"Swaps":4,
					"AiSolution": [[2, 'd'], [3, 'd'], [[1, 2], 's'], 'sad', [2, 'd'], [2, 'd'], [3, 'd'], [[3, 2], 's'], [3, 'l'], [3, 'l'], [3, 'l'], [[3, 1], 's'], [1, 'l'], [1, 'l'], [3, 'u'], [[1, 3], 's'], [3, 'l']]
					}
				this.level273 = {
					"boardInfo":[[3, 1, 2, 3, 2, 3], [1, 3, 3, 2, 2, 3], [2, 1, 2, 1, 3, 1], [3, 1, 3, 3, 3, 2], [2, 2, 1, 2, 3, 2], [3, 2, 2, 2, 1, 1]],
					"MonsterPos": [[0, 0], [4, 4], [5, 4]],
					"GoalPos": [(2, 5), (1, 3), (3, 4)],
					"Swaps":4,
					"AiSolution": [[1, 'r'], [2, 'l'], [3, 'u'], [3, 'u'], [[3, 1], 's'], [1, 'd'], [1, 'r'], [[1, 2], 's'], [1, 'r'], [1, 'r'], [2, 'u'], [2, 'r'], [2, 'u'], [[2, 1], 's'], [1, 'r'], [2, 'u'], [2, 'l'], [[1, 3], 's'], [1, 'd']]
					}
				this.level274 = {
					"boardInfo":[[2, 3, 2, 1, 1, 2], [3, 3, 2, 3, 2, 1], [1, 1, 1, 1, 2, 2], [3, 3, 3, 3, 2, 3], [1, 1, 2, 1, 1, 3], [1, 2, 2, 1, 2, 2]],
					"MonsterPos": [[4, 3], [1, 3], [1, 2]],
					"GoalPos": [(2, 1), (0, 3), (4, 1)],
					"Swaps":4,
					"AiSolution": [[3, 'l'], [[3, 1], 's'], [1, 'u'], [1, 'l'], [1, 'l'], [1, 'l'], [2, 'l'], [2, 'u'], [3, 'd'], [3, 'r'], [[1, 3], 's'], [1, 'u'], [1, 'r'], [3, 'd'], [3, 'l'], [[2, 1], 's'], [2, 'r'], [[3, 2], 's'], [3, 'd']]
					}
				this.level276 = {
					"boardInfo":[[1, 1, 2, 2, 3, 1], [3, 2, 3, 1, 3, 3], [2, 3, 3, 1, 1, 2], [1, 3, 2, 2, 1, 1], [3, 3, 2, 2, 2, 3], [3, 2, 2, 2, 1, 3]],
					"MonsterPos": [[0, 4], [4, 1], [1, 1]],
					"GoalPos": [(5, 5), (5, 1), (1, 4)],
					"Swaps":4,
					"AiSolution": [[1, 'r'], [3, 'r'], [[1, 3], 's'], [1, 'l'], [1, 'd'], [3, 'r'], [[3, 1], 's'], [1, 'd'], [1, 'd'], [1, 'r'], [[1, 3], 's'], [1, 'd'], [1, 'd'], [2, 'd'], [[3, 1], 's'], [3, 'r']]
					}
				this.level277 = {
					"boardInfo":[[2, 1, 2, 1, 1, 3], [2, 3, 1, 2, 2, 2], [3, 1, 2, 3, 2, 3], [1, 2, 1, 2, 3, 1], [3, 3, 1, 1, 2, 2], [3, 3, 1, 3, 2, 1]],
					"MonsterPos": [[0, 2], [3, 5], [0, 3]],
					"GoalPos": [(0, 3), (4, 2), (1, 2)],
					"Swaps":4,
					"AiSolution": [[2, 'd'], [2, 'l'], [[2, 1], 's'], [2, 'l'], [2, 'l'], [2, 'u'], [[1, 3], 's'], [2, 'd'], [3, 'd'], [[3, 2], 's'], [3, 'l'], [[3, 1], 's'], [1, 'r']]
					}
				this.level278 = {
					"boardInfo":[[3, 2, 1, 3, 2, 3], [1, 3, 3, 2, 3, 1], [2, 2, 1, 1, 1, 3], [3, 2, 2, 3, 1, 2], [1, 3, 3, 3, 2, 1], [3, 2, 2, 1, 2, 1]],
					"MonsterPos": [[3, 5], [2, 5], [0, 5]],
					"GoalPos": [(3, 4), (5, 4), (2, 2)],
					"Swaps":5,
					"AiSolution": [[1, 'l'], [[3, 1], 's'], [2, 'd'], [[2, 3], 's'], [2, 'd'], [2, 'd'], [3, 'l'], [[1, 3], 's'], [3, 'd'], [[3, 2], 's'], [3, 'd'], [3, 'l'], [3, 'l'], [[2, 1], 's'], [2, 'l']]
					}
				this.level280 = {
					"boardInfo":[[3, 3, 1, 1, 3, 1], [3, 1, 2, 2, 2, 1], [2, 2, 2, 1, 3, 1], [3, 2, 1, 3, 3, 1], [2, 2, 3, 2, 2, 1], [1, 2, 3, 2, 3, 3]],
					"MonsterPos": [[0, 4], [3, 1], [0, 0]],
					"GoalPos": [(5, 1), (2, 4), (0, 5)],
					"Swaps":4,
					"AiSolution": [[1, 'l'], [1, 'l'], [2, 'u'], [2, 'r'], [2, 'u'], [2, 'r'], [3, 'r'], [[1, 2], 's'], [1, 'd'], [1, 'd'], [1, 'l'], [1, 'd'], [1, 'd'], [1, 'd'], [2, 'd'], [3, 'l'], [3, 'd'], [[3, 1], 's'], 'sad', [[2, 3], 's'], [3, 'r'], [3, 'u'], [[1, 2], 's'], [2, 'r']]
					}
				this.level281 = {
					"boardInfo":[[1, 2, 3, 2, 2, 2], [1, 2, 1, 3, 1, 2], [2, 2, 3, 1, 1, 2], [3, 1, 3, 1, 3, 1], [2, 2, 2, 2, 1, 2], [2, 3, 3, 1, 1, 1]],
					"MonsterPos": [[0, 2], [0, 2], [4, 3]],
					"GoalPos": [(5, 0), (3, 4), (1, 2)],
					"Swaps":4,
					"AiSolution": [[1, 'd'], [2, 'r'], [2, 'r'], [2, 'r'], [2, 'd'], [2, 'd'], [[1, 2], 's'], [1, 'l'], [1, 'd'], [1, 'l'], [2, 'l'], [[1, 3], 's'], [1, 'd'], [3, 'l'], [[3, 1], 's'], [1, 'd'], [1, 'd'], [2, 'l'], [2, 'd'], [3, 'u'], [3, 'u'], [[2, 3], 's'], [2, 'r'], [3, 'u']]
					}
				this.level286 = {
					"boardInfo":[[1, 1, 3, 3, 1, 3], [1, 3, 3, 2, 1, 1], [1, 3, 2, 1, 2, 3], [3, 2, 3, 2, 2, 2], [1, 1, 3, 3, 2, 3], [2, 2, 1, 2, 2, 3]],
					"MonsterPos": [[1, 0], [3, 2], [5, 4]],
					"GoalPos": [(2, 3), (3, 4), (5, 2)],
					"Swaps":4,
					"AiSolution": [[1, 'd'], 'sad', [[1, 3], 's'], [1, 'r'], [1, 'u'], [1, 'r'], [1, 'u'], [1, 'r'], [2, 'd'], [[1, 2], 's'], [1, 'd'], [[3, 1], 's'], [1, 'd'], [3, 'l'], [[1, 3], 's'], [3, 'l']]
					}
				this.level290 = {
					"boardInfo":[[2, 1, 1, 1, 1, 2], [2, 3, 3, 1, 2, 1], [3, 1, 1, 3, 1, 2], [3, 3, 2, 2, 3, 1], [3, 2, 1, 2, 3, 1], [2, 3, 1, 1, 1, 1]],
					"MonsterPos": [[1, 5], [2, 3], [3, 5]],
					"GoalPos": [(4, 5), (1, 2), (3, 0)],
					"Swaps":4,
					"AiSolution": [[3, 'l'], [[2, 1], 's'], [1, 'd'], [2, 'u'], [2, 'u'], [2, 'l'], [[2, 3], 's'], 'sad', [[1, 3], 's'], [1, 'd'], [2, 'd'], [3, 'l'], [[3, 2], 's'], [1, 'd'], [3, 'u'], [3, 'l']]
					}
				this.level292 = {
					"boardInfo":[[1, 2, 3, 3, 2, 1], [1, 1, 1, 1, 2, 3], [1, 1, 1, 3, 2, 1], [2, 1, 2, 3, 2, 1], [3, 2, 3, 1, 3, 1], [2, 1, 2, 1, 2, 3]],
					"MonsterPos": [[5, 0], [3, 1], [5, 0]],
					"GoalPos": [(1, 4), (1, 3), (4, 4)],
					"Swaps":5,
					"AiSolution": [[1, 'r'], [2, 'r'], [3, 'u'], [[2, 3], 's'], [2, 'r'], [2, 'u'], [3, 'r'], [[1, 3], 's'], [1, 'u'], [3, 'u'], [3, 'u'], [3, 'r'], [3, 'u'], [3, 'r'], [[3, 1], 's'], [1, 'u'], [1, 'u'], [1, 'r'], [1, 'u'], [3, 'r'], [3, 'd'], [3, 'd'], [[3, 2], 's'], [1, 'r'], [3, 'd'], [[1, 2], 's'], [1, 'r'], [2, 'u']]
					}
				this.level293 = {
					"boardInfo":[[2, 1, 3, 1, 3, 1], [3, 1, 2, 3, 2, 1], [1, 2, 1, 1, 1, 1], [1, 3, 1, 1, 2, 3], [2, 2, 3, 2, 2, 2], [1, 3, 3, 2, 3, 1]],
					"MonsterPos": [[0, 2], [3, 0], [4, 4]],
					"GoalPos": [(5, 3), (2, 0), (1, 4)],
					"Swaps":5,
					"AiSolution": [[[2, 1], 's'], [1, 'd'], [2, 'u'], [[1, 2], 's'], [1, 'd'], [1, 'r'], [1, 'd'], [[2, 3], 's'], [3, 'u'], [[3, 1], 's'], [1, 'd'], [1, 'd'], [3, 'u'], [3, 'r'], [3, 'u'], [[1, 3], 's'], [3, 'l']]
					}
				this.level295 = {
					"boardInfo":[[2, 2, 3, 1, 2, 2], [1, 3, 2, 1, 3, 2], [3, 1, 3, 3, 3, 3], [3, 1, 1, 2, 3, 1], [1, 3, 3, 1, 3, 1], [1, 2, 2, 1, 1, 2]],
					"MonsterPos": [[5, 0], [5, 3], [3, 0]],
					"GoalPos": [(1, 3), (0, 1), (4, 4)],
					"Swaps":6,
					"AiSolution": [[1, 'u'], [2, 'l'], [2, 'l'], [[3, 1], 's'], [1, 'u'], [1, 'u'], [3, 'r'], [3, 'r'], [[1, 3], 's'], [1, 'r'], 'sad', [[2, 3], 's'], [2, 'u'], [[2, 1], 's'], 'sad', [2, 'u'], [2, 'u'], [[1, 2], 's'], [1, 'l'], [2, 'u'], [[3, 2], 's'], [2, 'u']]
					}
				this.level297 = {
					"boardInfo":[[3, 2, 3, 3, 1, 3], [1, 2, 1, 3, 2, 3], [2, 1, 1, 2, 3, 2], [3, 1, 3, 3, 1, 1], [3, 2, 1, 2, 2, 3], [3, 3, 2, 3, 2, 1]],
					"MonsterPos": [[2, 5], [1, 3], [4, 1]],
					"GoalPos": [(4, 1), (1, 0), (4, 4)],
					"Swaps":5,
					"AiSolution": [[1, 'd'], [1, 'l'], [[3, 1], 's'], [1, 'l'], [1, 'l'], [3, 'r'], [[2, 3], 's'], [2, 'l'], [3, 'r'], [[1, 2], 's'], [1, 'l'], [3, 'r'], [[2, 3], 's'], [2, 'l'], [[2, 1], 's'], [1, 'd'], [2, 'l']]
					}
				this.level299 = {
					"boardInfo":[[2, 3, 1, 1, 1, 2], [2, 2, 2, 3, 2, 1], [1, 3, 3, 1, 1, 3], [2, 2, 2, 2, 1, 1], [1, 3, 3, 1, 3, 2], [1, 2, 1, 2, 3, 2]],
					"MonsterPos": [[5, 3], [0, 5], [2, 0]],
					"GoalPos": [(4, 0), (1, 3), (4, 2)],
					"Swaps":4,
					"AiSolution": [[1, 'u'], [3, 'r'], [3, 'r'], [[2, 1], 's'], [1, 'u'], [1, 'l'], [1, 'l'], [1, 'l'], [2, 'l'], [2, 'l'], [[1, 3], 's'], [3, 'd'], [[1, 2], 's'], [1, 'd'], [2, 'd'], [[3, 2], 's'], [3, 'd']]
					}
				this.level301 = {
					"boardInfo":[[1, 2, 2, 2, 3, 3], [2, 3, 2, 3, 2, 3], [2, 3, 1, 3, 3, 3], [3, 2, 3, 2, 2, 1], [2, 1, 1, 2, 3, 1], [3, 3, 2, 3, 3, 3]],
					"MonsterPos": [[5, 1], [0, 3], [4, 0]],
					"GoalPos": [(1, 3), (3, 0), (5, 1)],
					"Swaps":4,
					"AiSolution": [[1, 'u'], [1, 'r'], [2, 'l'], [2, 'l'], [3, 'd'], [[1, 2], 's'], [1, 'r'], [1, 'u'], [2, 'l'], [[2, 1], 's'], [2, 'd'], [2, 'd'], [3, 'r'], [[1, 3], 's'], [1, 'u'], [1, 'u'], [[2, 1], 's'], [2, 'd']]
					}
				this.level302 = {
					"boardInfo":[[3, 3, 2, 2, 1, 1], [3, 3, 1, 3, 2, 2], [2, 1, 1, 1, 2, 3], [2, 2, 3, 3, 3, 3], [2, 3, 1, 1, 3, 1], [2, 3, 2, 1, 3, 2]],
					"MonsterPos": [[4, 2], [0, 2], [1, 1]],
					"GoalPos": [(4, 5), (2, 4), (3, 3)],
					"Swaps":4,
					"AiSolution": [[1, 'r'], [2, 'r'], [3, 'l'], [[3, 2], 's'], [2, 'd'], [3, 'd'], [3, 'd'], [3, 'r'], [[2, 3], 's'], [2, 'r'], [3, 'r'], [3, 'r'], [[3, 1], 's'], [1, 'u'], [1, 'r'], [1, 'r'], [2, 'd'], [[1, 3], 's'], [1, 'd']]
					}
				this.level303 = {
					"boardInfo":[[1, 3, 2, 2, 3, 1], [1, 1, 1, 3, 2, 1], [3, 2, 1, 2, 1, 3], [3, 2, 1, 2, 2, 1], [2, 1, 2, 2, 3, 3], [2, 1, 2, 3, 1, 2]],
					"MonsterPos": [[5, 1], [1, 5], [0, 3]],
					"GoalPos": [(5, 3), (0, 2), (5, 4)],
					"Swaps":5,
					"AiSolution": [[2, 'l'], [3, 'd'], [[3, 2], 's'], [2, 'u'], [3, 'd'], [3, 'd'], [3, 'r'], [[2, 3], 's'], [2, 'l'], [2, 'l'], [3, 'd'], [[1, 2], 's'], [1, 'r'], [1, 'u'], [1, 'r'], [[3, 1], 's'], [1, 'd'], [[2, 3], 's'], [3, 'd']]
					}
				this.level308 = {
					"boardInfo":[[3, 1, 1, 2, 1, 2], [3, 1, 1, 2, 3, 3], [1, 1, 2, 1, 2, 2], [2, 2, 2, 3, 1, 2], [3, 2, 3, 2, 3, 1], [2, 1, 3, 1, 1, 2]],
					"MonsterPos": [[2, 0], [3, 0], [3, 0]],
					"GoalPos": [(1, 4), (5, 5), (5, 0)],
					"Swaps":5,
					"AiSolution": [[1, 'r'], [1, 'u'], [1, 'r'], [2, 'r'], [2, 'r'], [2, 'u'], [3, 'd'], [[1, 2], 's'], [1, 'r'], [1, 'u'], [2, 'r'], [[2, 1], 's'], [1, 'r'], [2, 'r'], [2, 'r'], [2, 'd'], [[1, 2], 's'], [2, 'd'], [[3, 1], 's'], [1, 'd'], [3, 'd'], [[2, 3], 's'], [2, 'd']]
					}
				this.level315 = {
					"boardInfo":[[3, 2, 3, 3, 2, 2], [2, 2, 3, 2, 3, 1], [3, 3, 2, 2, 2, 2], [2, 2, 1, 1, 2, 3], [2, 3, 3, 2, 3, 3], [3, 1, 1, 2, 1, 2]],
					"MonsterPos": [[2, 2], [5, 5], [2, 0]],
					"GoalPos": [(4, 3), (1, 2), (3, 0)],
					"Swaps":4,
					"AiSolution": [[1, 'd'], [1, 'r'], [[3, 2], 's'], [2, 'u'], [2, 'u'], [[2, 3], 's'], [2, 'u'], [2, 'l'], [2, 'l'], [2, 'u'], [[3, 2], 's'], [2, 'l'], [3, 'd'], [[3, 1], 's'], [1, 'd']]
					}
				this.level316 = {
					"boardInfo":[[2, 2, 3, 2, 1, 3], [2, 3, 1, 3, 3, 2], [1, 1, 1, 3, 3, 2], [3, 1, 1, 3, 2, 3], [3, 2, 1, 3, 1, 1], [1, 2, 3, 2, 1, 2]],
					"MonsterPos": [[0, 2], [1, 0], [2, 1]],
					"GoalPos": [(2, 5), (3, 1), (1, 5)],
					"Swaps":4,
					"AiSolution": [[1, 'd'], [1, 'd'], [2, 'u'], [2, 'r'], [3, 'u'], [[3, 1], 's'], [1, 'r'], [1, 'r'], [3, 'r'], [[1, 3], 's'], [2, 'l'], [2, 'd'], [3, 'r'], [3, 'r'], [[2, 1], 's'], [1, 'r'], [2, 'd'], [2, 'r'], [2, 'd'], [[1, 3], 's'], [3, 'r']]
					}
				this.level321 = {
					"boardInfo":[[2, 2, 2, 2, 3, 2], [2, 1, 1, 1, 2, 2], [1, 1, 1, 2, 1, 3], [2, 2, 3, 2, 3, 1], [1, 1, 1, 1, 1, 2], [3, 1, 1, 2, 1, 3]],
					"MonsterPos": [[0, 5], [3, 1], [0, 4]],
					"GoalPos": [(5, 2), (2, 2), (1, 0)],
					"Swaps":5,
					"AiSolution": [[[2, 1], 's'], [1, 'd'], [1, 'l'], [2, 'u'], [[1, 2], 's'], [1, 'l'], [1, 'l'], [1, 'd'], [[3, 1], 's'], [1, 'd'], [[2, 3], 's'], [2, 'r'], [3, 'l'], [3, 'l'], [3, 'l'], [3, 'l'], [[1, 2], 's'], [1, 'd'], [1, 'd'], [3, 'd']]
					}
				this.level322 = {
					"boardInfo":[[3, 3, 3, 1, 2, 1], [3, 1, 1, 3, 1, 1], [2, 2, 2, 2, 3, 2], [2, 1, 3, 3, 3, 2], [1, 2, 2, 2, 1, 1], [3, 3, 3, 2, 1, 2]],
					"MonsterPos": [[0, 3], [3, 1], [2, 1]],
					"GoalPos": [(4, 5), (2, 0), (0, 1)],
					"Swaps":4,
					"AiSolution": [[2, 'l'], [[3, 1], 's'], [1, 'd'], [3, 'u'], [[1, 3], 's'], [1, 'r'], [1, 'r'], [2, 'u'], [3, 'u'], [3, 'l'], [[1, 2], 's'], [1, 'd'], [1, 'd'], [3, 'r'], [[2, 1], 's'], [1, 'd']]
					}
				this.level326 = {
					"boardInfo":[[1, 1, 1, 2, 2, 1], [3, 3, 3, 1, 2, 1], [3, 2, 2, 3, 3, 1], [1, 3, 3, 1, 3, 3], [1, 1, 1, 1, 2, 2], [3, 3, 3, 3, 3, 3]],
					"MonsterPos": [[3, 0], [1, 5], [2, 2]],
					"GoalPos": [(5, 5), (4, 5), (5, 3)],
					"Swaps":4,
					"AiSolution": [[1, 'd'], [1, 'r'], [1, 'r'], [3, 'r'], [[1, 3], 's'], [1, 'd'], [1, 'r'], [1, 'r'], [1, 'r'], [2, 'l'], [3, 'd'], [3, 'd'], [[2, 1], 's'], [2, 'd'], [2, 'd'], [2, 'r'], [[3, 2], 's'], [3, 'd'], [[2, 1], 's'], [2, 'd']]
					}
				this.level328 = {
					"boardInfo":[[3, 1, 3, 2, 1, 1], [3, 1, 3, 3, 1, 2], [3, 3, 1, 1, 1, 1], [1, 1, 3, 1, 1, 1], [2, 1, 3, 1, 3, 2], [2, 2, 3, 1, 2, 1]],
					"MonsterPos": [[2, 0], [1, 2], [3, 5]],
					"GoalPos": [(3, 3), (0, 0), (1, 3)],
					"Swaps":4,
					"AiSolution": [[1, 'd'], [1, 'r'], [[3, 1], 's'], [1, 'r'], [3, 'u'], [3, 'l'], [3, 'u'], [3, 'u'], [[3, 2], 's'], [2, 'l'], [2, 'u'], [3, 'l'], [[1, 2], 's'], [1, 'r'], [2, 'l'], [[2, 3], 's'], [3, 'd']]
					}
				this.level330 = {
					"boardInfo":[[2, 2, 1, 1, 2, 1], [2, 2, 1, 1, 2, 3], [2, 2, 2, 2, 1, 1], [3, 1, 2, 1, 2, 1], [3, 3, 3, 1, 1, 2], [2, 1, 1, 1, 2, 2]],
					"MonsterPos": [[3, 4], [0, 4], [2, 1]],
					"GoalPos": [(1, 3), (3, 4), (1, 5)],
					"Swaps":4,
					"AiSolution": [[1, 'l'], [2, 'd'], [[2, 3], 's'], [3, 'r'], [3, 'r'], [[3, 1], 's'], [1, 'u'], [3, 'r'], [3, 'r'], [[3, 2], 's'], [2, 'd'], [3, 'u'], [[1, 2], 's'], [1, 'u'], [2, 'd']]
					}
				this.level332 = {
					"boardInfo":[[3, 1, 3, 1, 2, 2], [1, 1, 1, 2, 2, 3], [2, 3, 3, 3, 3, 2], [2, 3, 3, 2, 3, 2], [1, 2, 2, 1, 2, 3], [1, 3, 2, 2, 2, 1]],
					"MonsterPos": [[1, 0], [5, 3], [4, 3]],
					"GoalPos": [(3, 1), (1, 3), (3, 0)],
					"Swaps":4,
					"AiSolution": [[1, 'r'], [2, 'l'], [2, 'u'], [[3, 2], 's'], [1, 'l'], [2, 'u'], [2, 'u'], [2, 'r'], [3, 'l'], [3, 'l'], [[1, 3], 's'], [1, 'd'], [1, 'd'], [3, 'l'], [[2, 1], 's'], [1, 'r'], [2, 'u'], [[3, 2], 's'], [3, 'u']]
					}
				this.level337 = {
					"boardInfo":[[1, 2, 2, 3, 3, 3], [2, 2, 2, 1, 3, 3], [3, 3, 3, 3, 2, 2], [2, 1, 2, 3, 3, 1], [1, 3, 3, 1, 3, 3], [3, 1, 1, 2, 3, 3]],
					"MonsterPos": [[5, 4], [2, 2], [5, 0]],
					"GoalPos": [(3, 0), (3, 3), (3, 2)],
					"Swaps":4,
					"AiSolution": [[2, 'd'], [[1, 3], 's'], [1, 'u'], [1, 'u'], [1, 'l'], [1, 'u'], [1, 'l'], [1, 'l'], [1, 'l'], [3, 'r'], [3, 'r'], [[3, 1], 's'], [3, 'u'], [[2, 3], 's'], [2, 'r'], [3, 'u'], [[1, 3], 's'], [1, 'd']]
					}
				this.level339 = {
					"boardInfo":[[2, 3, 2, 2, 1, 3], [2, 2, 2, 3, 1, 2], [3, 1, 1, 2, 2, 2], [1, 2, 2, 3, 3, 2], [2, 2, 3, 1, 1, 1], [3, 2, 2, 2, 3, 3]],
					"MonsterPos": [[2, 4], [5, 3], [3, 3]],
					"GoalPos": [(3, 0), (2, 0), (5, 0)],
					"Swaps":5,
					"AiSolution": [[1, 'u'], [1, 'u'], [2, 'l'], [2, 'l'], [2, 'u'], [2, 'u'], [[2, 1], 's'], [1, 'l'], [1, 'l'], [1, 'd'], [1, 'l'], [1, 'l'], [2, 'u'], [[1, 3], 's'], [1, 'd'], [3, 'l'], [3, 'l'], [3, 'd'], [3, 'l'], [[3, 1], 's'], [3, 'd'], [[1, 2], 's'], [1, 'd'], [2, 'u'], [2, 'l'], [[2, 3], 's'], [2, 'd']]
					}
				this.level344 = {
					"boardInfo":[[1, 2, 1, 1, 2, 3], [3, 1, 3, 3, 2, 1], [2, 1, 2, 1, 1, 1], [2, 1, 1, 2, 2, 3], [1, 3, 3, 3, 3, 3], [1, 2, 1, 1, 3, 1]],
					"MonsterPos": [[2, 0], [1, 2], [0, 4]],
					"GoalPos": [(2, 5), (1, 1), (2, 0)],
					"Swaps":4,
					"AiSolution": [[1, 'r'], [1, 'd'], [1, 'r'], [[1, 3], 's'], 'sad', [2, 'd'], [3, 'l'], [3, 'l'], [[3, 1], 's'], [1, 'u'], [3, 'd'], [[1, 3], 's'], [3, 'l'], [3, 'd'], [[3, 2], 's'], [2, 'l'], [2, 'u'], [3, 'l']]
					}
				this.level345 = {
					"boardInfo":[[3, 3, 1, 2, 2, 3], [1, 2, 3, 2, 1, 2], [2, 1, 1, 1, 3, 1], [1, 3, 2, 2, 3, 2], [1, 2, 2, 1, 2, 2], [1, 3, 1, 2, 2, 2]],
					"MonsterPos": [[5, 0], [0, 0], [3, 1]],
					"GoalPos": [(5, 3), (5, 5), (0, 5)],
					"Swaps":7,
					"AiSolution": [[[3, 1], 's'], [1, 'r'], [3, 'u'], [3, 'r'], [3, 'r'], [[3, 2], 's'], [2, 'd'], [3, 'u'], [3, 'u'], [3, 'r'], [[2, 3], 's'], [2, 'r'], [[3, 2], 's'], [2, 'd'], [2, 'r'], [2, 'r'], [[1, 2], 's'], [1, 'r'], [2, 'r'], [2, 'd'], [[2, 3], 's'], [2, 'd'], [2, 'r'], [2, 'd'], [3, 'r'], [[1, 2], 's'], [1, 'r']]
					}
				this.level346 = {
					"boardInfo":[[1, 1, 1, 3, 2, 2], [2, 3, 3, 2, 1, 2], [1, 2, 1, 2, 3, 3], [2, 3, 1, 3, 2, 2], [1, 3, 2, 2, 2, 1], [2, 1, 3, 2, 3, 1]],
					"MonsterPos": [[2, 1], [3, 3], [0, 1]],
					"GoalPos": [(0, 0), (5, 2), (2, 5)],
					"Swaps":4,
					"AiSolution": [[1, 'l'], [2, 'd'], [2, 'l'], [3, 'd'], [3, 'r'], [[3, 2], 's'], [3, 'r'], [[1, 3], 's'], [1, 'u'], [3, 'r'], [[3, 1], 's'], [1, 'u'], [2, 'd'], [3, 'r'], [[2, 3], 's'], [3, 'd']]
					}
				this.level347 = {
					"boardInfo":[[3, 2, 2, 3, 2, 3], [2, 1, 2, 3, 2, 1], [3, 1, 3, 1, 3, 2], [1, 3, 2, 2, 2, 3], [2, 2, 3, 3, 3, 2], [2, 1, 3, 1, 2, 1]],
					"MonsterPos": [[5, 5], [4, 1], [0, 0]],
					"GoalPos": [(3, 4), (3, 2), (0, 5)],
					"Swaps":5,
					"AiSolution": [[[3, 2], 's'], [2, 'u'], [3, 'r'], [3, 'r'], [[2, 3], 's'], [2, 'r'], [3, 'r'], [[2, 1], 's'], [1, 'u'], [[3, 1], 's'], [1, 'u'], [3, 'r'], [[1, 3], 's'], [1, 'l'], [3, 'r']]
					}
				this.level354 = {
					"boardInfo":[[3, 2, 2, 2, 1, 3], [1, 3, 3, 3, 2, 2], [2, 1, 2, 3, 3, 1], [1, 3, 2, 1, 2, 2], [1, 1, 1, 1, 1, 2], [1, 1, 1, 3, 2, 1]],
					"MonsterPos": [[3, 3], [4, 3], [2, 0]],
					"GoalPos": [(5, 3), (2, 4), (4, 1)],
					"Swaps":4,
					"AiSolution": [[[2, 1], 's'], [1, 'l'], [2, 'u'], [[3, 2], 's'], [2, 'u'], [3, 'd'], [3, 'd'], [3, 'r'], [[1, 3], 's'], [1, 'd'], [1, 'r'], [2, 'r'], [[2, 1], 's'], [1, 'd']]
					}
				this.level355 = {
					"boardInfo":[[2, 1, 3, 1, 2, 1], [3, 3, 1, 2, 3, 3], [2, 2, 2, 2, 1, 2], [3, 3, 3, 1, 1, 3], [1, 1, 1, 1, 3, 2], [1, 2, 1, 2, 3, 2]],
					"MonsterPos": [[1, 3], [1, 4], [4, 2]],
					"GoalPos": [(2, 5), (1, 1), (4, 0)],
					"Swaps":4,
					"AiSolution": [[1, 'u'], [3, 'u'], [3, 'l'], [3, 'l'], [[1, 3], 's'], [2, 'l'], [2, 'd'], [2, 'l'], [2, 'l'], [[2, 1], 's'], [1, 'r'], [2, 'u'], [[1, 2], 's'], [1, 'd'], [1, 'r'], [3, 'd'], [[2, 1], 's'], [1, 'd']]
					}
				this.level359 = {
					"boardInfo":[[2, 1, 2, 2, 1, 2], [1, 2, 2, 3, 2, 2], [3, 3, 2, 3, 3, 2], [3, 3, 1, 1, 2, 3], [1, 1, 1, 3, 1, 2], [1, 2, 3, 3, 2, 2]],
					"MonsterPos": [[4, 3], [3, 5], [5, 5]],
					"GoalPos": [(3, 1), (5, 4), (3, 5)],
					"Swaps":4,
					"AiSolution": [[1, 'u'], [1, 'l'], [2, 'l'], [[2, 1], 's'], [2, 'd'], [[1, 3], 's'], [1, 'l'], [3, 'u'], [[3, 1], 's'], [3, 'u'], [[1, 2], 's'], [2, 'd']]
					}
				this.level360 = {
					"boardInfo":[[3, 1, 2, 1, 1, 3], [1, 3, 2, 1, 3, 1], [2, 2, 1, 3, 3, 2], [3, 2, 3, 2, 3, 3], [1, 1, 2, 3, 2, 2], [2, 2, 1, 2, 1, 2]],
					"MonsterPos": [[1, 1], [0, 0], [3, 5]],
					"GoalPos": [(5, 3), (4, 0), (2, 1)],
					"Swaps":6,
					"AiSolution": [[3, 'l'], [3, 'u'], [3, 'l'], [[1, 2], 's'], [1, 'd'], [1, 'd'], [2, 'd'], [[3, 1], 's'], [1, 'r'], [3, 'd'], [[1, 3], 's'], [1, 'd'], [[2, 1], 's'], [1, 'd'], [2, 'd'], [2, 'r'], [2, 'd'], [3, 'l'], [[1, 2], 's'], [1, 'r'], [2, 'd'], [2, 'l'], [[3, 1], 's'], [3, 'l'], [3, 'u']]
					}
				this.level361 = {
					"boardInfo":[[1, 3, 3, 1, 1, 1], [3, 1, 1, 2, 2, 3], [2, 2, 3, 1, 1, 3], [2, 2, 1, 1, 1, 2], [1, 1, 2, 1, 3, 2], [2, 1, 2, 3, 1, 2]],
					"MonsterPos": [[2, 3], [2, 3], [4, 1]],
					"GoalPos": [(4, 3), (5, 3), (2, 2)],
					"Swaps":4,
					"AiSolution": [[2, 'u'], [2, 'r'], [[1, 2], 's'], [2, 'd'], [2, 'l'], [2, 'd'], [2, 'd'], [[2, 1], 's'], [1, 'd'], [2, 'l'], [2, 'd'], [[3, 2], 's'], [1, 'd'], [2, 'r'], [3, 'u'], [3, 'u'], [[2, 3], 's'], [3, 'r']]
					}
				this.level363 = {
					"boardInfo":[[3, 1, 3, 3, 2, 1], [3, 3, 2, 2, 2, 3], [1, 3, 2, 3, 1, 2], [2, 2, 3, 1, 3, 3], [2, 1, 3, 3, 1, 2], [3, 1, 2, 3, 2, 1]],
					"MonsterPos": [[4, 2], [1, 4], [2, 3]],
					"GoalPos": [(3, 4), (4, 2), (5, 5)],
					"Swaps":5,
					"AiSolution": [[2, 'l'], [2, 'l'], [2, 'd'], [[3, 1], 's'], [1, 'u'], [3, 'r'], [[1, 3], 's'], [1, 'r'], [3, 'd'], [3, 'r'], [[3, 2], 's'], [2, 'd'], [2, 'd'], [3, 'd'], [[2, 1], 's'], [1, 'r'], [[2, 3], 's'], [3, 'd']]
					}
				this.level364 = {
					"boardInfo":[[1, 3, 2, 1, 2, 2], [2, 2, 2, 3, 2, 1], [3, 3, 2, 1, 1, 2], [3, 2, 3, 1, 2, 1], [2, 2, 2, 3, 3, 2], [2, 2, 2, 3, 1, 1]],
					"MonsterPos": [[5, 3], [2, 3], [5, 2]],
					"GoalPos": [(1, 4), (1, 1), (2, 0)],
					"Swaps":5,
					"AiSolution": [[1, 'r'], [2, 'l'], [2, 'u'], [2, 'u'], [[3, 2], 's'], [2, 'l'], [3, 'u'], [3, 'l'], [3, 'u'], [[1, 2], 's'], [1, 'u'], [1, 'l'], [[2, 1], 's'], [1, 'u'], [1, 'u'], [1, 'r'], [[2, 3], 's'], [2, 'd'], [3, 'u'], [3, 'l'], [[1, 2], 's'], [1, 'u']]
					}
				this.level366 = {
					"boardInfo":[[1, 3, 2, 3, 3, 3], [1, 1, 3, 3, 3, 3], [2, 2, 1, 3, 2, 1], [3, 2, 1, 2, 3, 1], [3, 2, 3, 2, 2, 2], [1, 3, 2, 3, 2, 3]],
					"MonsterPos": [[5, 1], [1, 1], [0, 0]],
					"GoalPos": [(3, 5), (5, 5), (1, 0)],
					"Swaps":5,
					"AiSolution": [[2, 'd'], [2, 'd'], [[1, 2], 's'], [1, 'u'], [1, 'u'], [1, 'u'], [2, 'r'], [[2, 1], 's'], [1, 'r'], [2, 'r'], [2, 'd'], [2, 'r'], [2, 'r'], [[1, 3], 's'], [1, 'u'], [1, 'r'], [1, 'r'], [1, 'r'], [3, 'd'], [[3, 1], 's'], [1, 'd'], [1, 'd'], [[3, 2], 's'], [2, 'd']]
					}
				this.level367 = {
					"boardInfo":[[2, 1, 1, 2, 1, 3], [3, 1, 2, 1, 2, 1], [1, 1, 2, 3, 1, 3], [2, 1, 3, 2, 2, 2], [1, 1, 2, 3, 3, 2], [3, 3, 2, 1, 3, 2]],
					"MonsterPos": [[5, 2], [4, 4], [0, 2]],
					"GoalPos": [(0, 3), (2, 2), (5, 4)],
					"Swaps":5,
					"AiSolution": [[2, 'u'], [2, 'l'], [[1, 3], 's'], [1, 'l'], [3, 'l'], [3, 'd'], [3, 'd'], [3, 'd'], [3, 'd'], [[3, 1], 's'], [1, 'u'], [1, 'u'], [1, 'u'], [1, 'u'], [1, 'u'], [1, 'r'], [[2, 3], 's'], [2, 'u'], [3, 'r'], [[3, 2], 's'], [2, 'l'], [3, 'r'], [3, 'r'], [3, 'd'], [[2, 1], 's'], [1, 'r']]
					}
				this.level371 = {
					"boardInfo":[[3, 3, 1, 2, 3, 3], [3, 3, 1, 3, 3, 2], [1, 2, 2, 3, 3, 3], [2, 3, 2, 3, 3, 1], [3, 1, 3, 2, 1, 3], [1, 3, 3, 2, 1, 2]],
					"MonsterPos": [[0, 1], [1, 2], [1, 0]],
					"GoalPos": [(1, 5), (5, 0), (4, 3)],
					"Swaps":4,
					"AiSolution": [[1, 'r'], [2, 'd'], [2, 'd'], [3, 'r'], [[3, 2], 's'], [1, 'd'], 'sad', [3, 'd'], [3, 'r'], [[2, 1], 's'], [1, 'r'], [1, 'r'], [1, 'u'], [1, 'r'], [2, 'l'], [3, 'd'], [[1, 3], 's'], [1, 'd'], [3, 'r'], [[3, 1], 's'], [3, 'd']]
					}
				this.level374 = {
					"boardInfo":[[2, 3, 2, 2, 3, 2], [1, 3, 3, 3, 2, 3], [3, 2, 3, 2, 1, 2], [3, 3, 3, 2, 2, 1], [1, 3, 1, 1, 1, 2], [3, 2, 1, 2, 2, 3]],
					"MonsterPos": [[5, 0], [2, 0], [4, 2]],
					"GoalPos": [(0, 0), (5, 4), (5, 1)],
					"Swaps":4,
					"AiSolution": [[1, 'u'], [2, 'r'], [3, 'l'], [[2, 3], 's'], [2, 'd'], [2, 'r'], [[2, 1], 's'], [1, 'u'], [1, 'u'], [2, 'd'], [2, 'r'], [2, 'r'], [3, 'd'], [[3, 2], 's'], 'sad', [2, 'd'], [[2, 1], 's'], [1, 'l']]
					}
				this.level375 = {
					"boardInfo":[[2, 1, 2, 1, 3, 3], [1, 3, 2, 3, 3, 2], [2, 2, 3, 2, 1, 3], [2, 2, 2, 2, 3, 1], [3, 2, 2, 3, 1, 2], [1, 2, 1, 1, 2, 1]],
					"MonsterPos": [[1, 2], [3, 3], [2, 2]],
					"GoalPos": [(3, 2), (2, 5), (0, 2)],
					"Swaps":4,
					"AiSolution": [[2, 'u'], [[2, 3], 's'], [2, 'u'], [2, 'r'], [3, 'u'], [3, 'u'], [[1, 2], 's'], [1, 'd'], [2, 'd'], [[3, 1], 's'], [1, 'd'], [[2, 3], 's'], [2, 'r']]
					}
				this.level378 = {
					"boardInfo":[[1, 2, 1, 1, 2, 2], [3, 2, 3, 1, 3, 3], [3, 3, 3, 2, 3, 3], [1, 3, 2, 1, 3, 2], [3, 2, 3, 1, 3, 1], [1, 2, 1, 3, 2, 3]],
					"MonsterPos": [[1, 4], [2, 0], [3, 4]],
					"GoalPos": [(5, 5), (2, 4), (4, 5)],
					"Swaps":5,
					"AiSolution": [[3, 'u'], [3, 'r'], [[2, 3], 's'], 'sad', [3, 'd'], [[1, 2], 's'], [1, 'd'], [1, 'd'], [1, 'd'], [2, 'r'], [[2, 1], 's'], [2, 'r'], [[1, 3], 's'], [1, 'd'], [2, 'd'], [3, 'd'], [[1, 2], 's'], [1, 'r']]
					}
				this.level379 = {
					"boardInfo":[[2, 3, 1, 1, 3, 3], [3, 3, 1, 1, 1, 2], [3, 1, 2, 3, 3, 3], [3, 2, 3, 3, 2, 1], [3, 3, 1, 2, 3, 3], [3, 3, 2, 3, 3, 1]],
					"MonsterPos": [[0, 4], [2, 2], [0, 2]],
					"GoalPos": [(4, 1), (0, 0), (5, 4)],
					"Swaps":4,
					"AiSolution": [[1, 'l'], [1, 'd'], [1, 'l'], 'sad', [[3, 1], 's'], [1, 'l'], [1, 'l'], [1, 'd'], [1, 'd'], [1, 'd'], [3, 'r'], [[2, 3], 's'], [1, 'r'], [2, 'u'], [2, 'u'], [3, 'r'], [[1, 2], 's'], [2, 'l'], [[3, 2], 's'], [2, 'l'], [3, 'd'], [3, 'r']]
					}
				this.level384 = {
					"boardInfo":[[1, 1, 1, 1, 3, 1], [1, 2, 3, 1, 1, 1], [2, 1, 2, 1, 2, 1], [3, 1, 3, 2, 2, 1], [3, 1, 3, 2, 1, 2], [2, 1, 3, 3, 1, 2]],
					"MonsterPos": [[1, 5], [1, 5], [3, 2]],
					"GoalPos": [(5, 2), (3, 2), (0, 2)],
					"Swaps":4,
					"AiSolution": [[1, 'l'], [1, 'l'], [1, 'd'], [[1, 2], 's'], [1, 'd'], [1, 'd'], 'sad', [[3, 1], 's'], [1, 'l'], [2, 'r'], [2, 'd'], [2, 'r'], [2, 'r'], [2, 'd'], [2, 'd'], [3, 'u'], [[2, 3], 's'], [1, 'd'], [2, 'l'], [2, 'l'], 'sad', [[1, 2], 's'], [2, 'l']]
					}
				this.level387 = {
					"boardInfo":[[3, 1, 2, 2, 1, 2], [2, 1, 3, 3, 3, 1], [2, 3, 2, 1, 1, 3], [2, 3, 1, 2, 3, 2], [1, 2, 2, 1, 3, 1], [3, 3, 1, 3, 1, 3]],
					"MonsterPos": [[4, 4], [1, 5], [5, 5]],
					"GoalPos": [(5, 3), (4, 2), (3, 1)],
					"Swaps":7,
					"AiSolution": [[1, 'l'], [[3, 1], 's'], [1, 'd'], [3, 'u'], [[1, 2], 's'], [2, 'l'], [2, 'l'], [2, 'l'], [[2, 3], 's'], [2, 'l'], [3, 'l'], [3, 'u'], [[3, 2], 's'], [2, 'd'], [2, 'd'], [3, 'u'], [3, 'l'], [[3, 1], 's'], [3, 'l'], [[2, 3], 's'], [2, 'd'], [2, 'r'], [3, 'l'], [[1, 2], 's'], [3, 'd']]
					}
				this.level388 = {
					"boardInfo":[[3, 2, 2, 3, 2, 2], [3, 3, 1, 2, 2, 1], [3, 3, 2, 1, 3, 1], [3, 2, 3, 2, 3, 2], [2, 2, 1, 1, 1, 2], [1, 2, 3, 1, 2, 3]],
					"MonsterPos": [[5, 1], [5, 5], [4, 0]],
					"GoalPos": [(2, 3), (3, 3), (0, 3)],
					"Swaps":4,
					"AiSolution": [[2, 'u'], [3, 'u'], [3, 'u'], [3, 'u'], [3, 'u'], [[2, 1], 's'], [1, 'u'], [1, 'u'], [2, 'l'], [2, 'l'], [[3, 1], 's'], [1, 'u'], [3, 'r'], [3, 'r'], [[1, 3], 's'], [1, 'r'], [3, 'r'], [[1, 2], 's'], [1, 'r'], [2, 'u']]
					}
				this.level392 = {
					"boardInfo":[[1, 1, 2, 1, 3, 3], [2, 2, 1, 2, 2, 1], [3, 3, 3, 1, 1, 3], [1, 3, 2, 1, 3, 1], [3, 1, 2, 2, 2, 1], [1, 3, 2, 2, 1, 2]],
					"MonsterPos": [[3, 1], [4, 2], [4, 3]],
					"GoalPos": [(2, 2), (5, 1), (0, 0)],
					"Swaps":5,
					"AiSolution": [[2, 'd'], [[2, 3], 's'], [2, 'l'], [3, 'l'], [3, 'u'], [[3, 2], 's'], [3, 'u'], [3, 'l'], [3, 'l'], [[1, 2], 's'], [1, 'r'], [[1, 3], 's'], [1, 'u'], [3, 'u'], [[2, 3], 's'], [3, 'u']]
					}
				this.level399 = {
					"boardInfo":[[3, 3, 3, 1, 2, 1], [2, 1, 3, 2, 1, 3], [3, 3, 1, 3, 1, 3], [2, 2, 2, 3, 1, 2], [1, 3, 2, 3, 1, 2], [3, 1, 1, 3, 1, 1]],
					"MonsterPos": [[4, 0], [1, 0], [5, 1]],
					"GoalPos": [(3, 5), (5, 3), (4, 0)],
					"Swaps":6,
					"AiSolution": [[3, 'u'], [[3, 2], 's'], 'sad', [3, 'u'], [3, 'l'], [[1, 3], 's'], [1, 'u'], [1, 'r'], [1, 'r'], [[2, 1], 's'], [1, 'r'], [2, 'r'], [3, 'd'], [[3, 2], 's'], [2, 'r'], [2, 'd'], [2, 'd'], [2, 'd'], [2, 'd'], [[1, 2], 's'], [1, 'r'], [2, 'l'], [[1, 3], 's'], [1, 'r']]
					}
				this.level403 = {
					"boardInfo":[[2, 1, 1, 3, 3, 3], [1, 2, 2, 3, 3, 1], [2, 1, 2, 3, 1, 1], [1, 2, 2, 3, 3, 2], [1, 3, 3, 2, 3, 1], [3, 3, 2, 2, 3, 2]],
					"MonsterPos": [[0, 2], [4, 2], [3, 0]],
					"GoalPos": [(2, 5), (4, 5), (3, 4)],
					"Swaps":4,
					"AiSolution": [[2, 'r'], [[2, 3], 's'], [2, 'r'], [3, 'r'], [3, 'r'], [[1, 2], 's'], 'sad', [[3, 1], 's'], [1, 'r'], [2, 'r'], [3, 'r'], [[1, 2], 's'], [1, 'u'], [3, 'r']]
					}
				this.level408 = {
					"boardInfo":[[1, 3, 1, 2, 2, 2], [2, 1, 2, 2, 1, 1], [3, 2, 1, 3, 1, 2], [3, 3, 1, 3, 3, 2], [3, 3, 1, 2, 2, 1], [2, 2, 2, 2, 2, 2]],
					"MonsterPos": [[3, 2], [0, 4], [1, 3]],
					"GoalPos": [(1, 5), (5, 5), (4, 3)],
					"Swaps":4,
					"AiSolution": [[1, 'u'], [2, 'r'], [3, 'd'], [3, 'd'], [[1, 2], 's'], [1, 'u'], [1, 'r'], [1, 'u'], [1, 'r'], [2, 'd'], [[2, 1], 's'], [1, 'd'], [2, 'd'], [2, 'd'], [[3, 2], 's'], [2, 'l'], [3, 'd'], [[2, 3], 's'], [1, 'r'], [2, 'd'], [2, 'd'], [2, 'r']]
					}
				this.level411 = {
					"boardInfo":[[1, 3, 2, 1, 3, 2], [1, 3, 1, 1, 2, 2], [1, 3, 1, 2, 3, 1], [2, 3, 3, 2, 1, 1], [3, 1, 3, 3, 2, 1], [3, 3, 2, 2, 1, 3]],
					"MonsterPos": [[1, 4], [3, 1], [2, 0]],
					"GoalPos": [(2, 5), (0, 5), (1, 5)],
					"Swaps":5,
					"AiSolution": [[3, 'r'], [3, 'u'], [3, 'u'], [[3, 2], 's'], [2, 'u'], [2, 'u'], [3, 'r'], [[1, 2], 's'], [1, 'd'], [2, 'r'], [2, 'r'], [[2, 3], 's'], [2, 'r'], [2, 'r'], [2, 'u'], [3, 'r'], [[1, 2], 's'], [3, 'd'], [[3, 1], 's'], [1, 'r'], [3, 'r'], [3, 'r']]
					}
				this.level412 = {
					"boardInfo":[[1, 1, 3, 3, 1, 3], [2, 2, 1, 3, 2, 3], [1, 3, 3, 1, 2, 2], [1, 3, 2, 1, 3, 3], [3, 3, 2, 3, 2, 3], [1, 1, 2, 3, 2, 1]],
					"MonsterPos": [[4, 0], [1, 4], [1, 2]],
					"GoalPos": [(2, 0), (1, 1), (1, 5)],
					"Swaps":4,
					"AiSolution": [[1, 'u'], [1, 'u'], [3, 'u'], [3, 'r'], [[1, 3], 's'], [3, 'r'], [[1, 2], 's'], [2, 'l'], [2, 'u'], [2, 'l'], [[3, 2], 's'], [2, 'l'], [3, 'r'], [3, 'd'], [[2, 1], 's'], [2, 'd']]
					}
				this.level413 = {
					"boardInfo":[[1, 2, 3, 2, 2, 1], [2, 3, 2, 3, 2, 2], [3, 1, 1, 3, 2, 3], [3, 3, 3, 1, 1, 1], [2, 2, 1, 2, 3, 2], [3, 1, 1, 2, 1, 2]],
					"MonsterPos": [[5, 3], [2, 4], [3, 0]],
					"GoalPos": [(0, 0), (4, 5), (0, 2)],
					"Swaps":4,
					"AiSolution": [[1, 'l'], [1, 'u'], [2, 'u'], [2, 'r'], [3, 'r'], [3, 'r'], [[1, 3], 's'], [1, 'u'], [1, 'l'], [1, 'l'], [1, 'u'], [2, 'l'], [2, 'd'], [3, 'u'], [[3, 2], 's'], [2, 'd'], [2, 'r'], [3, 'u'], [[3, 1], 's'], [1, 'u'], [3, 'u'], [[2, 1], 's'], [1, 'u'], [2, 'd']]
					}
				this.level421 = {
					"boardInfo":[[2, 3, 3, 3, 2, 1], [3, 3, 3, 1, 1, 3], [3, 3, 3, 3, 1, 3], [2, 3, 2, 1, 3, 1], [2, 1, 1, 3, 2, 2], [1, 1, 1, 2, 3, 3]],
					"MonsterPos": [[3, 5], [1, 2], [3, 2]],
					"GoalPos": [(3, 1), (3, 5), (5, 0)],
					"Swaps":4,
					"AiSolution": [[3, 'l'], [[3, 1], 's'], [1, 'l'], [3, 'd'], [3, 'd'], [3, 'l'], [[2, 3], 's'], [2, 'r'], [2, 'r'], [2, 'd'], [[1, 2], 's'], [1, 'l'], [2, 'r'], [[2, 1], 's'], [1, 'u'], [1, 'l'], [1, 'u'], [1, 'l'], [1, 'd'], [1, 'd'], [2, 'd']]
					}
				this.level422 = {
					"boardInfo":[[2, 1, 1, 1, 2, 2], [2, 3, 2, 1, 1, 2], [2, 3, 1, 3, 2, 3], [1, 1, 3, 3, 2, 1], [3, 2, 1, 2, 2, 3], [1, 1, 2, 3, 1, 3]],
					"MonsterPos": [[3, 3], [3, 1], [2, 2]],
					"GoalPos": [(5, 3), (1, 3), (5, 0)],
					"Swaps":5,
					"AiSolution": [[3, 'l'], [[2, 3], 's'], [2, 'u'], [2, 'u'], [3, 'l'], [[3, 1], 's'], [1, 'd'], [3, 'd'], [[3, 2], 's'], 'sad', [3, 'd'], [[2, 3], 's'], [3, 'd'], [[1, 2], 's'], [1, 'd']]
					}
				this.level425 = {
					"boardInfo":[[2, 1, 1, 3, 2, 2], [2, 3, 1, 1, 1, 3], [3, 1, 3, 1, 2, 3], [3, 2, 3, 2, 3, 3], [3, 3, 1, 2, 1, 3], [2, 1, 1, 1, 1, 3]],
					"MonsterPos": [[0, 0], [4, 5], [4, 0]],
					"GoalPos": [(4, 0), (2, 2), (1, 0)],
					"Swaps":4,
					"AiSolution": [[1, 'r'], [1, 'r'], [1, 'd'], [1, 'r'], [1, 'd'], [3, 'u'], [3, 'u'], [[2, 1], 's'], [1, 'd'], [1, 'd'], [2, 'l'], [2, 'd'], [2, 'l'], [2, 'l'], [2, 'u'], [[2, 3], 's'], [2, 'u'], [[1, 3], 's'], [1, 'l'], [2, 'u'], [3, 'u'], [3, 'u'], [[1, 2], 's'], [1, 'l'], [1, 'l'], [3, 'd']]
					}
				this.level435 = {
					"boardInfo":[[1, 3, 3, 3, 3, 3], [3, 2, 2, 1, 2, 1], [3, 3, 1, 1, 3, 3], [2, 1, 1, 1, 1, 1], [2, 1, 2, 3, 2, 2], [1, 2, 1, 1, 2, 2]],
					"MonsterPos": [[3, 3], [0, 1], [1, 2]],
					"GoalPos": [(0, 5), (4, 3), (5, 5)],
					"Swaps":4,
					"AiSolution": [[1, 'r'], [1, 'r'], [2, 'd'], [3, 'u'], [3, 'r'], [[1, 3], 's'], [1, 'u'], [2, 'r'], [3, 'd'], [3, 'd'], [3, 'd'], [3, 'r'], [[3, 2], 's'], [2, 'd'], [2, 'r'], [2, 'd'], [3, 'd'], [3, 'r'], [[2, 1], 's'], [1, 'u'], [2, 'd'], [3, 'd'], [[1, 2], 's'], [1, 'u']]
					}
				this.level436 = {
					"boardInfo":[[2, 3, 1, 3, 3, 1], [2, 1, 2, 2, 1, 3], [1, 1, 2, 3, 2, 3], [1, 3, 1, 1, 3, 3], [1, 3, 2, 3, 2, 1], [2, 3, 3, 1, 3, 2]],
					"MonsterPos": [[0, 3], [5, 1], [3, 3]],
					"GoalPos": [(0, 5), (0, 0), (5, 0)],
					"Swaps":5,
					"AiSolution": [[2, 'l'], [[2, 1], 's'], [2, 'u'], [2, 'u'], [2, 'u'], [2, 'r'], [2, 'u'], [3, 'u'], [[1, 3], 's'], [1, 'r'], [3, 'l'], [[3, 2], 's'], [2, 'l'], [2, 'u'], [3, 'l'], [3, 'l'], [3, 'd'], [3, 'd'], [[1, 3], 's'], [1, 'r'], [[2, 3], 's'], [3, 'd']]
					}
				this.level437 = {
					"boardInfo":[[3, 1, 2, 1, 1, 1], [3, 2, 2, 2, 1, 3], [1, 1, 3, 3, 3, 1], [1, 2, 3, 2, 3, 2], [3, 2, 1, 1, 2, 1], [3, 1, 2, 2, 3, 3]],
					"MonsterPos": [[4, 2], [5, 5], [1, 0]],
					"GoalPos": [(1, 0), (5, 3), (4, 3)],
					"Swaps":5,
					"AiSolution": [[[3, 1], 's'], [1, 'u'], [1, 'u'], [3, 'd'], [3, 'r'], [[1, 2], 's'], [1, 'u'], [1, 'l'], [2, 'l'], [[3, 1], 's'], [3, 'd'], [3, 'd'], [[1, 3], 's'], [3, 'r'], [3, 'r'], [[2, 1], 's'], [1, 'l'], [2, 'l']]
					}
				this.level438 = {
					"boardInfo":[[1, 1, 3, 1, 3, 2], [1, 2, 1, 1, 2, 2], [2, 3, 2, 2, 2, 2], [3, 2, 2, 3, 3, 1], [1, 1, 2, 1, 3, 2], [2, 1, 2, 3, 2, 2]],
					"MonsterPos": [[4, 5], [2, 0], [5, 3]],
					"GoalPos": [(2, 1), (2, 3), (2, 0)],
					"Swaps":5,
					"AiSolution": [[1, 'u'], [[3, 2], 's'], [3, 'l'], [3, 'u'], [3, 'u'], [3, 'l'], [[1, 3], 's'], [1, 'u'], [1, 'l'], [1, 'l'], [1, 'l'], [2, 'd'], [3, 'd'], [3, 'l'], [[2, 1], 's'], [1, 'l'], 'sad', [[3, 1], 's'], [2, 'r'], [3, 'u'], [[3, 2], 's'], [3, 'u']]
					}
				this.level439 = {
					"boardInfo":[[1, 2, 2, 1, 1, 1], [2, 2, 3, 1, 3, 2], [3, 1, 2, 1, 1, 1], [1, 2, 2, 1, 3, 3], [2, 1, 1, 3, 2, 1], [3, 3, 2, 2, 2, 2]],
					"MonsterPos": [[0, 1], [1, 5], [0, 1]],
					"GoalPos": [(5, 0), (5, 5), (0, 3)],
					"Swaps":5,
					"AiSolution": [[1, 'l'], [[1, 2], 's'], [1, 'd'], [2, 'd'], [[1, 3], 's'], [1, 'd'], [3, 'r'], [[2, 1], 's'], [1, 'd'], [2, 'd'], [[1, 3], 's'], [1, 'd'], [2, 'l'], [[1, 2], 's'], [1, 'd'], [2, 'd'], [2, 'd'], [2, 'r'], [3, 'r']]
					}
				this.level443 = {
					"boardInfo":[[2, 3, 1, 1, 2, 1], [3, 1, 3, 3, 2, 2], [3, 1, 1, 3, 1, 2], [1, 2, 2, 1, 3, 3], [3, 1, 1, 1, 3, 1], [2, 2, 3, 2, 1, 1]],
					"MonsterPos": [[5, 0], [4, 0], [0, 2]],
					"GoalPos": [(3, 5), (5, 3), (5, 4)],
					"Swaps":5,
					"AiSolution": [[3, 'd'], [3, 'r'], [3, 'd'], [[2, 1], 's'], [1, 'r'], [2, 'r'], [2, 'r'], [2, 'r'], [3, 'u'], [[1, 3], 's'], [1, 'r'], [3, 'r'], [3, 'r'], [3, 'd'], [[3, 1], 's'], [1, 'r'], [3, 'd'], [3, 'l'], [3, 'd'], [[1, 2], 's'], 'sad', [[3, 1], 's'], [1, 'u'], [2, 'd'], [3, 'd']]
					}
				this.level447 = {
					"boardInfo":[[2, 2, 3, 3, 2, 3], [2, 3, 3, 3, 1, 3], [1, 3, 1, 2, 1, 1], [2, 2, 3, 1, 2, 2], [1, 2, 2, 3, 1, 1], [2, 1, 3, 2, 2, 1]],
					"MonsterPos": [[1, 2], [0, 4], [4, 5]],
					"GoalPos": [(0, 2), (1, 0), (1, 5)],
					"Swaps":4,
					"AiSolution": [[[2, 3], 's'], [2, 'l'], [2, 'l'], [3, 'u'], [[3, 2], 's'], [2, 'l'], [2, 'l'], [[3, 1], 's'], [1, 'u'], [2, 'd'], [3, 'u'], [3, 'l'], [3, 'u'], [[1, 3], 's'], [3, 'r']]
					}
				this.level457 = {
					"boardInfo":[[1, 2, 1, 3, 3, 2], [1, 2, 3, 2, 3, 1], [3, 3, 3, 2, 1, 1], [3, 1, 3, 1, 3, 2], [1, 2, 2, 2, 2, 3], [3, 2, 3, 1, 1, 3]],
					"MonsterPos": [[3, 0], [3, 3], [3, 5]],
					"GoalPos": [(2, 4), (2, 1), (4, 0)],
					"Swaps":4,
					"AiSolution": [[1, 'r'], [3, 'd'], [3, 'd'], [[1, 3], 's'], [1, 'u'], [1, 'r'], [3, 'l'], [3, 'l'], [[2, 1], 's'], [1, 'r'], [2, 'l'], [2, 'u'], [2, 'l'], [2, 'l'], [[3, 1], 's'], [1, 'r'], [2, 'r'], [3, 'u'], [3, 'l'], [3, 'l'], [[1, 3], 's'], [3, 'l']]
					}
				this.level463 = {
					"boardInfo":[[3, 1, 3, 3, 1, 1], [3, 1, 3, 2, 1, 3], [3, 2, 1, 3, 2, 1], [3, 1, 1, 2, 1, 2], [3, 1, 2, 1, 3, 1], [3, 2, 2, 2, 3, 2]],
					"MonsterPos": [[1, 3], [0, 4], [2, 3]],
					"GoalPos": [(0, 3), (5, 0), (5, 5)],
					"Swaps":5,
					"AiSolution": [[[3, 2], 's'], [1, 'r'], [1, 'u'], [2, 'l'], [2, 'l'], [2, 'd'], [3, 'r'], [[2, 1], 's'], [1, 'l'], [1, 'l'], 'sad', [[2, 3], 's'], [1, 'r'], [2, 'd'], [3, 'd'], [[1, 3], 's'], [3, 'd'], [3, 'd'], [[3, 2], 's'], [2, 'l'], [3, 'r']]
					}
				this.level466 = {
					"boardInfo":[[3, 1, 2, 1, 3, 2], [3, 2, 2, 3, 3, 3], [2, 2, 1, 1, 2, 3], [3, 1, 2, 1, 2, 2], [2, 2, 1, 3, 3, 3], [3, 2, 1, 3, 3, 2]],
					"MonsterPos": [[1, 0], [0, 5], [2, 5]],
					"GoalPos": [(3, 5), (4, 3), (0, 4)],
					"Swaps":5,
					"AiSolution": [[3, 'u'], [3, 'l'], [3, 'l'], [[3, 2], 's'], [2, 'l'], [2, 'd'], [3, 'l'], [3, 'u'], [[1, 3], 's'], [1, 'r'], [1, 'r'], [2, 'r'], [2, 'd'], [3, 'r'], [[2, 1], 's'], [1, 'r'], [1, 'r'], [2, 'd'], [[1, 2], 's'], [1, 'd'], [1, 'd'], [2, 'd'], [2, 'l'], [2, 'l'], [[2, 3], 's'], [1, 'r'], [3, 'r']]
					}
				this.level470 = {
					"boardInfo":[[1, 2, 3, 3, 1, 2], [3, 1, 3, 3, 2, 3], [1, 2, 3, 2, 3, 2], [3, 2, 2, 1, 1, 1], [1, 3, 3, 2, 1, 2], [1, 1, 3, 1, 2, 3]],
					"MonsterPos": [[1, 2], [4, 2], [0, 0]],
					"GoalPos": [(2, 0), (4, 0), (3, 1)],
					"Swaps":4,
					"AiSolution": [[1, 'l'], [3, 'd'], [[1, 3], 's'], [3, 'd'], [[3, 2], 's'], [1, 'l'], [3, 'r'], [[2, 1], 's'], [1, 'd'], [2, 'l'], [3, 'd'], [[1, 2], 's'], [2, 'l']]
					}
				this.level473 = {
					"boardInfo":[[2, 2, 2, 3, 1, 2], [2, 1, 3, 3, 1, 1], [2, 3, 2, 2, 2, 3], [3, 1, 3, 1, 3, 1], [3, 3, 1, 3, 2, 3], [1, 1, 2, 3, 3, 3]],
					"MonsterPos": [[5, 2], [3, 0], [3, 1]],
					"GoalPos": [(3, 2), (5, 4), (5, 5)],
					"Swaps":4,
					"AiSolution": [[1, 'u'], [3, 'r'], [[3, 1], 's'], [1, 'u'], [3, 'r'], [[2, 1], 's'], [2, 'd'], [2, 'r'], [[2, 3], 's'], [2, 'r'], [3, 'd'], [3, 'd'], [3, 'r'], [3, 'r'], [[3, 2], 's'], [2, 'r'], [2, 'd'], [2, 'r']]
					}
				this.level478 = {
					"boardInfo":[[3, 1, 1, 2, 1, 2], [3, 1, 3, 3, 1, 3], [2, 3, 1, 2, 2, 2], [3, 1, 2, 1, 3, 2], [3, 2, 3, 2, 1, 1], [1, 2, 3, 3, 3, 2]],
					"MonsterPos": [[1, 0], [4, 5], [2, 2]],
					"GoalPos": [(4, 0), (1, 2), (3, 4)],
					"Swaps":4,
					"AiSolution": [[2, 'u'], [2, 'u'], [2, 'l'], [2, 'l'], [3, 'u'], [3, 'r'], [[1, 2], 's'], [1, 'd'], [2, 'l'], [[3, 1], 's'], [1, 'd'], [1, 'd'], [3, 'd'], [3, 'r'], [[1, 2], 's'], [2, 'u'], [[2, 3], 's'], [3, 'd']]
					}
				this.level481 = {
					"boardInfo":[[1, 2, 2, 2, 2, 1], [3, 3, 2, 1, 2, 1], [1, 1, 2, 3, 2, 1], [2, 2, 1, 2, 3, 2], [3, 1, 2, 2, 2, 3], [3, 2, 1, 1, 3, 1]],
					"MonsterPos": [[5, 4], [5, 4], [4, 0]],
					"GoalPos": [(4, 5), (5, 0), (0, 2)],
					"Swaps":5,
					"AiSolution": [[2, 'u'], [2, 'l'], [2, 'l'], [[1, 2], 's'], [1, 'u'], [2, 'l'], [[1, 3], 's'], [3, 'u'], [3, 'r'], [[2, 3], 's'], [2, 'd'], [3, 'u'], [[3, 2], 's'], [1, 'r'], [3, 'r'], [3, 'u'], [3, 'u'], [[2, 1], 's'], [2, 'l']]
					}
				this.level488 = {
					"boardInfo":[[3, 2, 2, 2, 2, 1], [3, 1, 3, 3, 1, 3], [3, 1, 2, 2, 3, 2], [2, 1, 1, 2, 2, 1], [3, 2, 3, 1, 1, 1], [2, 2, 1, 1, 3, 3]],
					"MonsterPos": [[2, 4], [3, 0], [1, 4]],
					"GoalPos": [(4, 3), (3, 5), (0, 0)],
					"Swaps":4,
					"AiSolution": [[3, 'l'], [3, 'l'], [[2, 1], 's'], [1, 'l'], [1, 'd'], [2, 'r'], [2, 'r'], [[3, 2], 's'], [2, 'd'], [3, 'l'], [[2, 3], 's'], 'sad', [3, 'l'], [3, 'u'], [[1, 2], 's'], [1, 'd']]
					}
				this.level492 = {
					"boardInfo":[[3, 2, 2, 1, 1, 2], [2, 1, 1, 2, 1, 1], [3, 1, 2, 2, 1, 3], [1, 1, 1, 2, 2, 2], [1, 2, 2, 1, 3, 3], [1, 2, 1, 3, 2, 1]],
					"MonsterPos": [[3, 5], [2, 0], [4, 4]],
					"GoalPos": [(1, 5), (4, 5), (0, 1)],
					"Swaps":5,
					"AiSolution": [[[2, 1], 's'], [1, 'l'], [1, 'l'], [1, 'u'], [1, 'u'], [2, 'd'], [2, 'r'], [2, 'r'], [[1, 2], 's'], [1, 'r'], [2, 'r'], [2, 'r'], [2, 'r'], [[3, 2], 's'], [1, 'r'], [3, 'u'], [3, 'l'], [3, 'u'], [3, 'u'], [[3, 1], 's'], [2, 'd'], [3, 'l'], [3, 'l'], [[1, 3], 's'], [3, 'u']]
					}
				this.level494 = {
					"boardInfo":[[3, 2, 2, 3, 3, 1], [2, 3, 2, 3, 1, 1], [2, 3, 1, 2, 2, 2], [2, 1, 2, 1, 1, 1], [2, 3, 3, 1, 3, 3], [3, 2, 1, 1, 2, 3]],
					"MonsterPos": [[4, 0], [2, 2], [4, 0]],
					"GoalPos": [(1, 5), (0, 1), (3, 4)],
					"Swaps":5,
					"AiSolution": [[2, 'u'], [2, 'u'], [3, 'r'], [3, 'r'], [[3, 1], 's'], [1, 'r'], [2, 'l'], [3, 'r'], [3, 'u'], [[2, 3], 's'], [1, 'r'], [3, 'u'], [3, 'r'], [[1, 2], 's'], [1, 'r'], [1, 'u'], [1, 'r'], [1, 'r'], [[3, 1], 's'], [1, 'u'], [3, 'd'], [[1, 3], 's'], [1, 'u']]
					}
				this.level498 = {
					"boardInfo":[[1, 2, 2, 2, 3, 3], [1, 2, 2, 1, 3, 2], [3, 3, 2, 3, 2, 3], [1, 3, 1, 1, 2, 2], [3, 2, 1, 1, 1, 2], [1, 2, 3, 2, 2, 3]],
					"MonsterPos": [[5, 2], [2, 0], [5, 1]],
					"GoalPos": [(2, 2), (4, 2), (5, 3)],
					"Swaps":4,
					"AiSolution": [[1, 'u'], [1, 'u'], [[2, 3], 's'], [2, 'r'], [2, 'd'], [[3, 2], 's'], [2, 'd'], [3, 'r'], [[1, 2], 's'], [1, 'u'], [2, 'r'], [[1, 3], 's'], [3, 'r']]
					}